0202
02027
0203
02030279
02036368
0203639
02042
020479131
02049285
02057530
020592091
0206
020715952
02073173
020741
0208
02081
0208369630
0208461
02084725
020964617
0240
02409
02425152
02468169
024685961
024697
024802520
0248414
024849
0249615186
02497038
0250
0251
02514092
02524
025253918
0252908
02530
025716
02572
0257407
025746
02582
025824849
0258417
0259405861
026046
02605
026057158
0261
02614171
0261826
0262403
02625
0263135382
02637947
0268069303
026852716
02696
027142
027161
027204
02730418
027374603
02740
027406805
02741517
0274839
0275
0275050261
02753859
027591
0275958268
0279242515
027929
02793
027957086
0280
028042
0280737
0281
02815
02826158
02827
02829
0282905907
0283
0283969603
0284162807
0284717938
0285719730
0286
0286485250
02903
0291
0291407
02915
0292
029207086
02935857
0294636813
0295
02951
02952
02960
029604
02960691
0297
02970
02970381
030297141
03038242
03048185
03049
0305263
030575
0306253508
03062952
030648
0307979
0308
03082938
03091
0309179
03130
031308640
0313513527
031361317
0314
031418
031420706
0314257
03147
0315
03153817
031604171
031684084
0316913
0317139
03172
0317413
0318428
03185
0318526
031961572
03504
0350530
0350953
0351
03513
035171413
035172
03519
03524
035261819
0352817209
03528370
0353
0353080469
035371
0353738
035397
035725737
03574
0358
0358241586
0359
035920928
035931629
035968253
03604
03606903
03617
036246172
0362791731
03637
03638263
036385
03639469
0368
03680
036838
036861
0369
03690
0369620
036973182
0370
03704
03715
0371847
037205
037271
03727362
0373
03736485
037394619
0374047262
037417068
03747529
037930815
03796
03805180
038063
0381
0381705970
03817571
0382
03824
0382537
0382914058
03829357
03836
03839
0383918404
0384
0384079247
038408
0385
03850
0385169
038573142
0386847
03908570
0390907
0391
039136396
039149
0391514290
03919
03929386
039308394
0393130635
0393684924
0393903046
039419692
039427241
0394840520
039519
039620
039638371
0396803852
039713
0397407368
0402
040240
04028191
0403
04037
040382
04039
04046
04049292
040530
0405394625
04057506
0407138242
0407507
0407918574
04080
0408531
040926
04135
04135305
04149368
0415038
0415797973
0415827428
0415972858
041636
04169
04172
041727931
041752
0418
041804
04182460
04191636
0420
04202
04206
04240
042405
0424619162
04246471
0425
042538
042691
04271916
04279153
0428274
0428360
042852
042869506
0429158
0429248519
0429468
042952
0429724741
0461
0462524830
046271
04636
0463693
0463751479
04638168
04642
046471575
04648
04648252
0468057503
0468597920
0469
04696
046968472
0470809
04715
0471725351
0472406849
04730
0473091
04738409
04738516
047386831
0473868472
0474138249
04759
0479
04797
04803
04809
0481685
0481751494
04818161
048192428
04826053
04827
0482714131
04829471
048296
04830
0483052
04831
048317590
0483684
048383062
048516408
0485315
04853585
0486020
04863852
0490
0491361415
049160246
04917470
04917595
049185
049195
0492581852
0493686050
049386495
049403025
04941962
049482
049494
049496
0495
0495248
0495957
0496
04960
050257183
0502586
05027
050296153
050316163
0503837
0504696
0504935728
0505
050524
050616
0507494
050835
050849
050953
05131615
0514
0514709
0515
05151
0516
051635273
051682
05175373
05175758
0518
051802809
0518604
0519
0519692
052036
05208
0524
0524137
052502
05251
052616
0526181
0526184
05262507
052630
0527
0527095
052713
052748281
0528630749
0528684
0529183
0529207362
05294
052957373
052964838
0530
0530419403
0530841
0531
05317
05350353
053503758
053503863
053581
0535840402
0535968
0536173848
0536182924
0536206
053631
0536381630
053682794
05371
0537158
0537269
053741
0537495850
053804830
0538063
0539429
057075
0571
0572
0572529
05727175
05727916
057303081
0574036
057416372
0574625
057485
05791
057926
058051313
0580904
0581
058149
0582
058203
058253
058257
058274082
05828
058318404
058359730
05837
058394097
058426373
058471814
0584796
05850
05858
0586160
058681
0590
05914
0592049
0592485
059250
059318
059372
059417317
0594241935
0594759147
0595
05950749
059580270
0596025
0597036
059708
05972
0597531575
0602
06026424
0602917
0603158618
06035964
060385
0604
060463
060515379
0605293
0605859157
06060627
06062
060637
060684728
0606903
06079185
060816
060830904
060853
06090936
0613
0613584
0613704242
0614
061428
061597274
0616048
06163629
0616819594
0617
061702
0617383
0617515297
0618386
061840580
061857
0618691706
061902759
0620
062020480
06202940
0624024758
0624053
06242
062472938
062530208
06260
062624297
062716
06272
0627907062
062793
06280
062802
06283685
062850479
0629
0629060815
06292
0629495742
0630
063020
0630316309
06307
06309603
063505
0635751
063593830
0636
0637
06372
0637273
06373
063839
0638420
0639
063918470
064027075
06409
0641472471
06419
0642093
0642517909
0642586
06426857
06429
06461826
06462
0647
06472062
064757
0647920615
0649
0680807
06809260
0681
06814
06817403
06817918
0681803
068190
068203
0682969
068306
0683595191
068408595
068409260
0684253951
0684848
0685
0685181917
06851952
068590835
06860
06860203
068635
0686905
0690
0690205
069049
0690616
069096
0691
069160413
0691638518
069164828
06917319
06920495
06925
06929
0694
0695
06951749
069537168
0696391
06968
06971
06971809
069731
06979
0702
0703
070352974
070373
070602
070630738
07069
0707
0707172029
07075
0708028408
07081
0708496909
07092618
07094
070957579
070970371
0713
071386
0714
07146
0714740
071491585
0715
07150396
07153619
07168
071750292
071797
0718
07182
071909141
0719592539
0720
072081
0720919
072425082
0725
07270602
07270742
0727083948
0727136
072747263
07279
0728
0729
072917
07293709
07294
0729614
072964817
0730203718
0730680
0730742
073074927
0730869363
07313
073179147
073186
073515
0735727
0735950971
073686
07369581
0737173681
073718685
073747427
0738183627
0738313975
0738402493
07386
0740
07414141
0741469175
0742
0746160
074625163
0746917
0747
07470
07473131
0748
074814
0749
07491
07526
075272
0753
075726251
07572913
075749426
0758
075813
0758358140
07583714
075851860
07590709
0790
0791316
0791482528
07915
07918
07919748
0794
0794682
079484842
079493
0802730
0803
08031580
080374
08040836
0804639714
0804972
0805161
080519161
080582
0806060262
080681937
0807
080704283
0807060293
0807575
080793
0808639
0808646807
0809704752
081316
08139
081420
08149791
0815184846
08152
0816
08164838
08168
081708
08172685
0817491969
08181624
0818173818
08191570
081928
0820
08204042
082075
08242
08249
082519
08260
0826028364
082626407
082684753
082715748
082741472
082792
0829194
082941
08313063
08315
0831509205
083163
08358
0835813
083620
083705284
083709517
0837281917
08374
08374925
0838
083806807
08382
08383061
08384046
08384615
0839291462
08395305
083974031
08409242
0841616
0841750
0841831
08420
0842027
0842748
08429
0846
08460
08461
08461505
0847
0848
0848037418
0848502
0849
08490
084950
0849506
084961
08497
08497596
08504085
08505169
085069
085159
08516
0851748247
0852
0852824824
0853
0853153817
085359472
0857185
08572
0857271746
0858
085825837
08586835
08590468
08591613
08593586
08609
08614
0861903682
0861979
086260904
086270
0863
08631505
086370
086408636
0868
08680716
086817
08684040
08686
0902469593
0902960352
0903
0903630736
09039
090497
090680
0907
0907584736
0908
090952
0913
09138
091418484
09151847
09160602
0916158
091619741
0916853
09171
0918
091825382
091829
09183
0919092
09193
0924035
0924197
09247
0924736
0925385970
0926359
0926847482
0926960
0927
0927083725
0927191
0927350
0928
09282
092840
09296
093091536
0931
093130297
093137
093195
0935
0935057
093586173
093592586
0936135
093638618
0937
093707
09384958
0939
09393
0940407396
0940596
094090
0942
094248497
0942518
0942693057
094620
0947
0948
09492
09493524
0950
0950206
0950240520
095047975
0951630
09516313
0951637063
0952
0952539
0952680719
095714052
0957280747
0958169
09582
09582572
095836409
09584
0959
09591408
0960
0960735806
09614
09618
0961906262
0962
0964
096427402
09649
0968
097039
09713
0971479
0971570
097158
097275146
097302
09738
097415
0975
09757
0975707
097571
09757925
097915
097938518
130240371
13026
13027
13028060
13039424
130404
13048
13048157
130509049
1305183
1306392
1306920362
1307
130790917
130909536
130953693
130979405
131319
1313196041
1313809357
1313813
131413
13149
131529261
1317050
1317072526
131827183
13182860
131839584
131861696
131929595
13507396
135083
1351719493
135264
1353
135382
1353851
13571517
135793851
135816268
1358484251
135860
1359
1359690
136031647
136063
13609
136138
1362
13620648
136252
1363
1363638240
1363707529
136468680
13647
136805
13686
13690
1369508
1370696058
137086064
1371
1371627
137172
137280535
13729
1373585719
13740
1374952
1375
13751
13758
1375914706
137947
137953
1379696069
1380283
1380575975
13807
1381
13817
1382
138202
138258
138293
1383514640
138385869
1384030
1384858482
1386351
139059417
139095
1391
139139
1392
1392535946
1392746
1393
13937
1393941963
13948535
139581
1395868
1396
1396028
13962853
13964924
139690
1397
1402752
140384708
1404639
140486041
1404951840
1406
140620
140620825
140690807
1407203
1407261813
140802648
1408209418
140830969
140835
140863
1408647205
140938504
140939203
14095096
1413
14130
14136162
1414263937
141474
1415085202
14157
14157525
14158
1415958
141602646
1416471859
141681
141696086
14174
1418627
1419171
14192583
14204
14204752
142408
142409264
14241
1424605903
14247975
14257090
1425936949
14259425
142637242
142717
14283
14283575
14290790
1429419
1429483146
1460
1460506
1460727170
14609202
146138361
146157274
1461583
1461929068
1462
1462596285
1462718392
14629714
1463
146413
14648
1468
14680
14680506
146824
14684
146840
146847137
1468492070
1469
14690
1469042
1469140795
14691486
1469505069
1470581909
14709030
1471592840
1471803740
1471818196
1472619247
147264806
1473853
14740682
147469175
147470
1474724846
14747517
1474924959
1475
1475146
1475186
1479263
147936929
14796485
1481369
14815383
14818606
1482
14820759
1482686251
1483053720
148319
148350635
14842751
148475940
148482
14850
14857
1485905047
1485913827
14859684
1486
14860820
148615
1486183748
148640375
148684
1490
1490497579
1490625026
1491
149138
1491381
14914
149194692
14925714
1492625
1492950
1493
1494150363
14948
1495
14951
14959
1496
149616402
1496842709
1496904
1496979747
149752860
15020949
1502504825
15027
1503
1503507472
150402503
1505029
15051
15051640
1505171
1505319402
150574839
1506
15068413
150715
15072627
1508
15080686
15081
1513
151302
1513084
151351472
15136
15137
1513792
1513917394
1514
1514261
1515
151515391
1515162
15152593
15153
151538
151539579
1515717
1516084
1517
15170
15172
1517970375
15181
1518158473
151820
15185
151915908
1519247
15194
1519516963
1520248593
152026361
1520272
152035
152071
15207502
1524
15240406
152407286
1524153
1525
152570805
15261
152728
152809353
15286258
1528694258
1529
1529305
152939
15294074
1530
153086
1531
153138
15314791
153153863
1531618631
15318641
153516
1535296
153536186
15357924
1536191591
1536285
1537
15371
153737282
1537582608
1539250647
1539539490
15702
1570624752
157130
15716
157263836
1572749
1572820
1573539759
1573635
1573849484
157472
1574753
15747597
1575
157527
1575864608
157936
1579470791
15796
15796285
15796851
1580
1580203868
15806
1580615291
158071949
15825062
1582708404
158297249
1583147
1583150
1584
1584070
158428
15846372
15848316
158485941
1585
15858
1586085940
15861964
15869209
1586946917
1590
15906140
159080
159092079
1591
159184631
15925820
15926
1592649040
1593
1593051
159308181
1593151
15931605
15937951
15946
15946193
159470857
159485383
159625820
159680505
159717394
159791
16028
160284285
160397918
1604742
1605
160514197
1606
160607352
1606405
1607
16070
1607241
160751
1608
160828591
1608368582
160838291
160850
1608502
1609
16135
161374
1613747
16140631
1614635
161471
16148
161480631
161486941
161492758
16158
161585240
1616063
161682042
1616946
16170274
1617150
16172573
161728406
16174752
16175
1617539
1618
1618183
1618249
1618426415
16185735
1618680493
1619175
161929
1619350
1619796251
16203
16203690
162082
16209604
16241
1624274030
162468405
162507479
16259048
1626
16269
16269090
1627
1627308
162739136
1627395
1628
16291
16293642
162946313
16296159
162962
1630
16302
163051935
16308246
16314263
163163
16359
163628416
163637
16369407
16373
16379
1638050
163835
16384
163841
16384953
163863851
1639373
16394
16394149
1639720
164053857
1640795968
164080
164086949
1640958
1641819
164196
1642
164204752
16424053
164241735
1642970
164638417
1646820
164686097
1647
1647137
16473735
1647917
164794
1648409735
16486
1649151647
1680
1680350
16807
168080
1681472
1682518
16829535
16837538
1683973
1684168
1684795306
16849
16851
1685275
168537
1685824906
168635
1686415358
169030
169073969
169085
16909530
1691
169279
16929
1693591814
1694919
1695
1695171
16953
16953041
16961530
16961715
16972
169720752
1697516837
1702
1702495
1703
1703140
1703607246
17038
1704
17040950
17049
1706
1706086
17064738
1707140
17082682
1708384196
1709
17090
1709041
170927
1709361630
1709609318
1713
1713819
1714
1714057480
1714279727
1714280
1714624146
17146368
17150
171571305
17158
1715971
17160407
171613
171636868
171640706
171683949
1717351
17175
171750
17179
1717957
1717970425
171815269
1719
171927
1720
172040
1725852748
172591
1726
172608242
172631627
1726416
1727
1727359382
17279241
1728
172820
1728306907
172835138
172840
173046319
17305
1730842
17317
1735
17353
17357382
173646242
173684
1737
173729719
17373
1737914209
173816
173816849
17382
173852
173929
173950609
17404
174042
1740472
17406
1740697502
1740863
17409
1741748
1742
174264
174295747
17429615
1746
1746139
17463026
174682
1747047
1747151305
174731820
174792907
174794
174851964
174863169
1749042073
1749279624
17495168
175073
1751
17517
1752641429
175282703
17531
17535383
17536
17570395
175747249
1757915
1758
1758060
17581304
175820386
17583617
175902057
17597
175974
1791
179175172
179203
17924638
1792636917
179286
1794
179424
1794609759
179462
179484
1794930825
17951
179513
17957386
1795830963
1796059
17964253
17964602
17969
1797
17970824
1797920
179797
1802
18028
180296
1803590
1804151
18051386
18051808
1806
1806261403
1807
180735
18079463
1808
1808097068
1808316173
180831638
18091
18091860
180969484
18138
181505
18153
1815368
18158
181580
18161708
18162746
18169
1817209073
18172520
1817906152
18180
1818572752
181860
1819
1819752418
182046
18205964
1820803181
18240728
1824083
182427
182428613
18246
18247083
18253
1825371
18257179
18258
182583
182592057
1827
182714
1827162079
182724173
1827392
18275381
1827939718
182805
1828537191
1829048
18291524
1830
18309613
1831
183139379
18315280
18317
18351
18353
183579274
18358
1836
18360715
183618158
18362641
1836394
1837191
18375
1838
18381919
1839
183941
1839683
184061
18406159
18409095
1840964264
18414
184158379
18425
1842525074
184269
18463818
1846904
1847
1847193
1847294
1847368
184753519
184847
184848073
18491971
1849627507
18496352
1850
185036907
1850370
185059396
1850791
18514
1851792962
1852647269
1852835146
185284
1852859259
18529170
18536468
18538537
1857
1857149
18579
1858
1858424262
18585
18585864
185918597
1859271572
185975
186046414
1861749
1862
1862041
1862518
1862530860
18626
1862629027
18637031
186371790
18641
186461484
18680
18684164
1868480428
186857
186864708
18691
18692419
186939460
19026160
190272
19028
1902914
1903
19041741
19052475
190595175
1906
19061848
19062090
1907269
190731317
190748
19082948
19094
19130
19135150
19139
1913957
19140
1914263
191462
191491318
1915
19157309
19158
1916
19168480
1917491759
1918
191857363
191859751
1919391593
1920
192031839
192069
1924028427
192474685
192480
1925
19252572
1925758390
1926
192620794
192717
1928
1928639
192924827
192974
1929795319
193042
19306935
1930715
193084748
1931
193193862
193518695
193538
19357
19357957
1935851417
1935975150
1936
193606083
1936070792
19362627
193694
1937582
193791
193816
1938259739
193952
1940
194171
1941931403
19424
1942537306
1942591742
19428
19429
19429209
1946291370
194681972
1947
1947495
194750707
19481382
194814
19483508
194868624
194915797
194927
194929
194931809
1949641
195049
19507169
19509741
19513720
19515
195192061
19519315
1953815
195382464
1957080
19574831
19579086
1957928
1958073
1959
19590
1960
19602836
1960503
19606
196084
196136240
19615161
1962594
1963
196308062
196315308
1963591463
19635927
1963609153
1963746
196406918
19641704
19642420
196827903
1968692
196969
197141304
197164
1971947
197260
19729052
1973
197385253
1974161685
1974613
19747
19750
1979
19791
1979140914
19792597
197968
2020
202063917
202071
2024
2026083602
2026273
20262908
2027192
2027516264
2028
20280
202802953
20283904
202860
202936
202947429
202957
203038
20307530
203083
203095
20315253
2035
20357
20362
203642
20369
20374
203803
20381529
20381686
2038317
203839571
2040
204020905
204130
20414
204180853
2046041
204627586
2047
204728207
204746
2047520
2048
2048195379
204869068
2049161
20496074
204968472
2050
2050648
205071749
2050828294
205139153
205140
2052646819
2052840
2053939357
205394
2057
20570
20571306
205727919
2057461713
2057539
2057928
2058
2058148064
20582
2058474
2060
2061
20614
206140
206142
206196
206205
206261516
2063642707
2063707
20637971
20639
2064
206418072
20647285
2064975
2068097
20683614
206861
2069352
20704
20705264
2070738629
2070758
20708170
207085159
20714
207185842
207285305
207319
20738
2073852841
2074162035
2074164028
2075
20750
2075395174
2079
2079069727
20791
20792
2079485849
20802
208028
208029
20808591
208090317
2081319180
20814
208146381
20816035
2083
208404807
2084642924
208474839
2086
208640
2086946
209036
20907202
20918
20927290
2092807513
20942
209426
20949073
2095757
2097069
2097147286
20971851
209724
2097360584
240252
2402575717
240290357
240296
24030253
2403095758
24035
240353
24036927
240382409
240415
240538081
2405739424
24058
2405809583
2407380940
24080
24081907
240827
240903642
24091
240931637
24135
241375
2414
2414094915
241419
2415
2415026
2415040726
2415175
24152
241575069
2415918
2416
24163535
2416405173
2416479413
241680249
24179741
2418
2418069203
241827
24185
241850626
24192091
241926804
24193714
24202
2420263869
242048647
242472
24248035
242490263
2425
242505275
242519638
24252
242583942
242617131
24268469
2427092575
24279
2428186416
24285253
242859614
242913
2460
2460520
246057206
24613
2461381695
2461913
246286140
2463139
246372579
246403080
2464082
24641
2464642
24647
24681942
246847024
24686
2469
2469093
24691491
2470
247026428
24709153
2471968
24725090
247258
24730469
2473613859
2473831959
2474
2474609
247462
2474713
2475
2475020295
247502092
24752727
24753
24791
24793591
247958625
2479636952
24802
248061
24808
24818040
2482
248241358
24826
248261468
24827
2482716170
2483
24831
2483959351
248461571
2485
2485136317
248528537
24853
248573
24857526
248609
24863
24864
248681592
2490
24939
2494
249539702
24957485
24958
249637395
2496415
249695
2497
25020427
2502582028
250262902
2502759
2503641748
2503853
25040862
2504181
25042
2504251750
2504702464
250516494
25053
2506
25060250
250606
25060824
2506374
2506957083
2507
25079
2508
2508079503
2508526424
2509
250914130
2509258480
2513
25131
251313
2513520606
251359715
2513746
25141
25147
251613064
2516279
251685130
2516927935
2517
25170605
2517283746
251742494
251753
25175384
25183
2518470973
251904831
2519084840
2520
2520930
252483
252517046
2525306
25253086
2525862
252586416
252590
252605725
2526209
25269159
25273
252737075
2528
252830
2528395
2528685
2529473
25296
2529628480
252973915
253058
253059
25308603
253169417
2535
2536028208
25364758
253648462
2537
25372
2537269171
2537468696
2538570494
2538614
25392936
25393
2539649316
2570
2571315
25720480
257206
25724
257261
25729
257294086
2573179
2574
257415858
2574852
2575
25750
257527086
2579296
257970590
2581
25818
258184097
2582020
2582735863
2583
2583179
2583193
25835263
2583949
2584057
2585024
25858174
25864830
25903
259064
2590702
25907929
25909193
2591
259163
25917
2592
2593060
2593172
25941597
2595
259591580
2595938
25960506
259647529
259690
259724
259749
260248
260252
26026
2603
2603906
260392493
2604063
2604837
2605246
260524737
2605961
2605963583
260641814
2606460
260691
260827
26082802
2608297
260853
2609
260905
2609095
26095795
2614797
261509536
261509757
2615268637
261616269
261725908
2617485864
2618
2618594
26186095
261905
261961
26202081
262048418
2620617
2620947
2624
262426293
2624959072
262520
2625726
262582
2626047
2626092494
262618
262628
262631
2626815
2627036030
2627947
2628
26280
262803
262840424
262852948
262920
262936190
26294
26296908
2630241815
263085146
26315
263158517
26317
2631717
26317964
263195
2635
2635941
2636147
26364957
26368
2638
2638481
263863
26395
264047092
264052
264052961
26405352
2641427269
264183
2646
264606404
2646160
26463026
264648
2648
26480
26483
2680393
2680520262
26816057
2682709208
268290704
268291648
26835
268358
268490694
268496
268509
268585
2686074859
268629
268630
268680686
268693
26903
2690816407
26918
2692
2692409271
2692728607
26938
269395795
2694049369
2695093
2695292
269529468
26960
269602914
269635085
2697
26979
2703649
2704
2705
27052
270526
2705290
27057
27061
270690835
27072097
270752
2708094181
2709
2709040207
2709409649
270947280
2713
271307508
271369181
2713719626
2714274
27146039
271475
27148260
27151
2715924
2716
27160
271646
2717
2717190638
2717247317
27172483
2717947418
271828
2719039403
271904
2719071
271907573
271924
272028539
272042
2720617
2720684
272406
27242496
27248469
27249
2725
27250293
27257
2725841606
272613
27264
27268270
2727513
27280
2729
272925
2729739752
273035
273039
2731314
27314184
273172
2735
2736057091
273613618
273615269
2736971
273708263
273741408
2738514
273857
2739419741
274048293
27408
2741382484
2741813684
274250473
27428
274696247
2747
27475242
2748380
2748682427
2749
27494
274972
2749730791
2750
275029649
2751
27515063
27519161
275252
27527
27529759
275308
2753162
2757
2757295738
27574
275747960
2758
27580
2758069
2758079
27583028
275848490
2758514
2759
27593749
275938357
275941750
275957
27596182
2790
27902
2790617575
279085937
2790939
2791825
2792
2793
2794094
27942
279426
2795070264
27950750
27951582
27952849
27969307
2796940
27971842
279719
2802
28024
2802519190
2802570
28031374
280372
2804192051
280429
280479273
280494
2805171425
280575
28061315
2806427403
2807
280724057
28079075
280794
280795725
2808
28081
280848420
2809061835
280908
28091
2809139095
2809160
280930
2809373714
280972
2813
2813570
28137
2813853084
28141415
2814285391
2814605
2814808
281494
28151973
2815258620
281571750
2815728
281591963
2816
2816207282
2816419594
2817173
281729359
28173
281796182
2818073730
281825
28183
281930
2819495
28206
2820794
28240868
282473640
28248081
282491
28257
282573
2825846492
2826
282603
282603915
2826192
28281
282826391
28283537
282842835
2828469208
2829208
28296
2830427042
2830868
283094079
283153
283508
283570385
283625
283625370
2837
28373835
2838053
2838130
2839026
2840637
2841
284149
284209194
28424
28428
2846
284603
2846194
284626
2846942
2847042
284720975
2847404
2847526473
284794
28479481
2848064835
28485063
284868405
2849180505
2849290690
28493
2849375181
2849495
2850
28502
2850425024
285060759
2851
28525
2852516
285269731
2853
285368
28539
28539150
28573714
28573846
285739
2857485
2857947
2858158
285930
2859531393
28596371
286029
2860314
28605
2860529639
2860684181
28609605
2861
2861538
28619
286194
2862
2862037
28620947
286240804
2862902583
2864
286417
2864605263
28646802
2864750
286492628
286494
2868085171
2868240619
2868474684
28686204
2869636
2902681
2903
29037
290392
290408
2904272
29048
29050
290514
2907
2908
2908269
2909
290942713
2913
291306
291386
2913952
2914
29148350
29149
2915
29150
291520493
29158
291585738
29161
29161509
291642
29168096
2917037
291790
291794191
2918
29183
2918409396
29185
29185148
29195035
291958
29205909
29206294
2924
292418
292424170
2924842026
29249027
292514
29264
29273524
2928
29284
2930
293038
2930469048
29306
2930618
2930846
293138
2931740
293186360
2935
29351375
29357
2936
293614
2937081953
293709696
2937203709
293806
29384269
293859580
2939182
29394925
29396
2940
2940525705
29408
2941
294137916
29414
29414272
2941581
29418
2942408503
2942413594
2946090
29464157
29468
29470
29472524
2947260
2947507
29479625
29480
29484630
2949147394
2950
29502749
29503
2950949
295137
295142530
2951497
2951570
2951586269
295158631
2951794797
295241937
2953
29530
2957284
295795730
295863
29590
2960
29602579
29605
29607037
2961
29616
2962
296203949
29624
296249793
2963037
29636
29638
29639
2964
296429641
296496862
296836
29685094
2968536397
29686
29691570
2969318313
29696809
2970383193
2970826380
297086
29709
29716163
2972
29725
29728
2972817
2974084142
29751748
2975274
30202425
3020372739
30205749
30248
302502
30253158
302703962
3027303
30275
302751
30275240
3028
302817
3029
30290573
30290917
30294
30295
30296
30304
303061
30308
3030858429
303095
303196194
303517
303519683
3037
303708
30381482
3038291570
3039
30393631
30394
3040372906
30404759
3040903691
3041
304186
3041948147
304195
30429
304293846
3046
3046030847
304624641
3046830
30470
3047520794
3048529
30495
30503792
30504282
305153
3052483197
305258
305259
305273709
3052790
305284706
305368506
305381829
305391806
305392713
3057
30571728
305746146
305809
305818
305927175
3059728
306049
3060613175
306073
3060919
306097
3061509386
3061604
3062
3062525720
306263849
30636382
3063795
30638
306381495
30648
306820
3068426059
3069
3069363
30702917
307052792
3071415
30728
3073
307382580
307383
30739150
3073962405
3074
30740
3074024940
3074284093
307470
30751
30759
3075917485
3075951861
3079
307953
3079704
3080
30808092
308085
308151535
308196
3082
308208
30827592
3083586
30837271
30839
3083936
308397
30840358
308417491
30847
30848681
308496209
3085
3085038
3086
30864
30920
3092464
309259
309262
309275
309286428
30939
3094
30942530
30949491
3095186
3095374246
30960
3096185839
309620
3096493909
3097
3097040
3097146
30973
30974147
30975319
3130292869
3130583
31308086
313136047
3131680
313506
31357
3136
31363
31364
3137
313735096
3137418
31374649
3138
3138028427
313817
31383520
3138613602
31394
3139741
3140
3140375397
31404
3140413097
3140930
31417306
3141937039
3147182639
31473
314757574
31491
31492683
3150804
315157304
31516384
3152
3152509
31525351
315268
3152869736
31529692
31530605
315396361
31574
315846
31586
3158627
3159
3159029595
31591757
316028
3160408
31607283
3161596035
3161685
316179168
3161949079
3162
3163
3163028319
3164729202
3168
31682071
31683747
316846
316847518
31686
31690842
3170250
3170495
31717
31718
31719
3172
31724
3172525920
3172931
317297
3173158470
3173719363
3173904050
31739420
3174
3174048063
31741
3174157
31747
31747409
317483
3174979
3175
3175037
317519
3175258649
31759
317592
3179
317936
31795790
31796
3180
3181617175
3182
318247
3182619740
318269
31828
3183072808
31837
3184
318408596
31850
318505
318514
31851468
3185392526
3186025828
3186153696
3186159
31868
3190
319051394
319079483
319136
31914
319151
319164
3191927
3192079203
319274
319296315
3193
319317903
3193974131
3195
31951
31952803
31957
319570
3196
31960509
31961
31972741
319747
319749418
3502
3502096
35024
35026135
35027579
35037140
35040690
3504273170
35046
350462753
35048
350482531
3504853
3504925157
35050242
3505162
3505395824
35059
350635393
3506379306
350638575
3507
35071
3507203808
350824170
350840
3509097
35091970
3509537
3509584642
3513596909
35138193
35141749
3514192
3514262938
351471
3515
3515140
35152
3515731
3515758
3516829
35168319
3516913961
3517
351704741
3518606
3519
351902475
3519627
351963
3520706286
352429083
35246474
3524751
3524929
352520
352581404
3526250530
3526869630
35269247
3527168
35272
35274
35279
3529
3529060
35304835
3531317090
353138596
353164
35317473
35319353
35357
35358
3535815
3536
3536136869
35364
353642513
353691
3537
3537028
3537092
3537164
353752749
3538
35382
35382485
353830
3538592
3539039619
3570647068
357081
35715318
357240
3572462463
3572969791
3573174082
357319620
3573504
35738483
3574
357486475
35753026
35757
35758175
35791
3580
3580309
358046
35808575
35815746
3581919
358258514
35827
358279639
358280
35828059
35829307
3583
3583753153
358381
3584
3584070968
358527
35852853
35853819
359029
35904
359140616
359149697
35917
3592
35929095
359353909
35936
359390
359419
359419307
35953
3595840
35959
3596
3596040
35972
360402058
36041
36042517
360484627
360524
360605186
360615
360713868
360725930
360730495
3607420924
360838381
360859151
360961
361302474
3613147
3614
3614069604
3614131573
36141528
3614609682
36149
3615
3615319
361538
361572
36158427
3615950
3616
3616484
361793842
3618
361809241
361820371
361827
3618381
3619093584
3619130
3619257
36193646
3619409
361960
3620582957
362469058
3625
3625250
362529319
362582941
3625926392
3626
3626928241
3626940305
3627
362813949
362815
36284064
3629
3629090928
36293
36295175
3629608585
3629684252
363025
3630251
363030471
36303792
3631470374
3631913
363515950
3635164
36352
36359207
363596
3636
363626061
36368
363707570
363715
3639
36391428
363918316
36393
3639571
36396
3639728527
3640268
364029051
3640594
364172
3642
36461
3646195191
3646463
36469
364707350
36473861
36479
3648
3648093573
36481918
3649
36490905
364957528
36496269
36803
368060957
3681
36827
3682940974
3683684
3684
36840469
368415048
36848147
368485305
36851
36857
36857352
36859147
368613
3686471726
3690
3690369031
36909582
3691829
3691953
369247
3692520
36927
36928
36931
369369241
36937
3693725830
369384
36941750
3696250724
36969
3697246482
3702514
370275814
3704
37046
370474692
3704961951
37051
37060
37062
3706863
370690
3707161319
3708475
3709171
370941402
37097
370974247
37130
37130926
371369
371371
3713820417
3714
37141
37142591
37147381
371480317
3714941949
3715726
37158
37161
3716269585
3717
37175
37179
371835381
37186
3719
37196
3719630494
3720
37206
37253
3725737
3726
372618530
372624
3726495
372792
372793037
3727957
3728
3728153
372824
372828
3729
372958
37296361
37305
3730814915
373175394
3731938252
3731946075
3735
3735082070
37352
37352051
37358
3736
3736075092
3736196
37362
37364191
3736961364
3737
3737384953
3738
373814
373827
37384838
3739
37402620
37403817
374042
374073048
3741
37416485
374193079
37420283
374206159
374247
37424861
37425
37426
374272514
3742795849
37428020
3742808358
37460
37461
374629727
374718
37472
37475851
3747957
374814283
37482793
374853
374913538
37496
3750469
37507
375149716
37517374
375184851
375263631
375308
37570
3757184617
37573
3758152686
3758303518
375838
375913971
375940
37597406
375979508
3790275702
379030639
37907
379159791
37918
3792
3792479595
3793
37935
379363041
37940
37947136
3795
37952507
379604629
37960905
3796295842
379686470
3797086860
3797386
37975090
379792682
38029586
3803940520
380413058
380416396
3805
380505
380507
38053
3805309297
380573959
3805953951
380608073
38079
38081
38093919
3813
38131942
3813602513
38137494
38146
38148319
38151724
381579616
381591837
38169794
3817026
381714060
381717495
381792582
3818
381829684
38183609
381852
3819
3819407263
3820725728
3824
3825051
3825171747
382527
3825350
3826
3826062740
38261351
38261624
38268252
3826920
3827
3827135091
38272
3827374939
3827386
38274093
38274148
3827482
38275
3828
382805
38281646
3829
38297
38297958
383036284
383042819
383050
3831309741
3831948
3831973
383505926
38351614
38352
3835319
383573135
38361473
3836962
383724
38379296
38380315
3838318
38383629
383924704
3839585391
3841
38413
384158274
384185047
384197173
3842619
3842647537
3846061862
384614
3846140247
384630427
3846315371
38468
3846809
384731360
38475
3847938
3848069793
38481482
3848637461
3849
384919703
384942928
38495
384951
3849524742
3850393137
3850515968
3850531
3850702830
3851374
385191
38520269
385209
38524
385253539
3852617060
385294
38530
385305181
385314191
3853685
385372
3857
38571
3858572
38591590
385930583
385970261
38603907
386058
38606
3862516141
3862574847
386268185
3862828613
38637
3864271848
3868
38681
3868350485
3868570
386858
386915
38692
386936
3869528572
3869624
3902427181
390261905
39046
39058264
3906
390646161
39070
390707
3908
3908360695
39086136
3908625068
3913
391464
39147585
39149
391517495
391584
3915940
39162482
391697
3917153
391726
391829
39185068
3918624704
39191
39195
39197
39202
39206
392403
3924092515
3925
39250
39252479
392539147
39259282
3926
39263
39263918
392695
3927368020
392797
3928069
39282
39283
3928372031
3928584731
392859252
3929179
3929368486
39294
392949073
39296
3930
3930730
3930740638
39309630
3931392752
3931816059
39358297
3936086
393692
3937042
39372603
393808
39384
3938419
393941729
393959317
39403
394091303
394141426
394148163
39415720
39419305
39429
3946
3946470282
394702863
3948
394939
3949579058
39502974
39509
395152
39515241
39519358
39520
395268
3953
395357086
395358
3953591747
3957027
3957080616
3957095
39572
3958
395813
3958297381
39584
39586
3959
395930
3960492
39607
396090838
39609742
396163803
3961706
39618
3961918
396241
39626951
3963726159
3963726308
39647
3964702
396492
3968473
3968479
396902716
396907926
3969692
39697192
3969739197
39714
39719
397196059
39724075
397269
3973516
39740
3974020252
3974081
397428379
39742902
39747
3974708168
3975
397585142
3979039609
397924916
39794150
3979516029
402026260
40203
402079
40208
4020909092
402093570
4024
4024295
402491319
4025
4025046141
40251
402524958
402639352
40264
4027
4027261727
40274728
4028
4028037
402829729
40283
4028414
402920
4029292508
40297094
4031
40319
40353796
403573
40357370
403602639
403616293
4037063153
40381
40381514
403841304
4038506415
403869
4039
4039291860
40396086
4040
4040318
40406
4040818
4041
404151
40428
404635
4047
40471702
40486041
4051
40513902
40514
405148030
405173193
4051963640
4052492
4052790
4053
40531380
40535
4053686
4053736
405383916
4057
4057179506
4057574795
4058
4058303817
405848029
4059
4059680975
4059705936
40602
406059
406061903
406146030
40614757
40619079
4061937
4062030
406253
4062580
40626
4062708
406283
4063
4063182
40639
40639169
40641405
4064174152
406464962
406819293
4069
40691
406938185
40694697
4069475
406953692
4070
40713
40725
40725825
407283863
4072928025
40730
4073581905
407395261
4074
4074273615
40749581
4075282841
40757159
4079492
40806816
408094850
408139595
4084718275
408494815
4085
408507291
4086
4086060
40861641
409038
409205269
40926
4092718
409275
40929
4093
409314857
409318350
40937396
409425284
4095
4095914247
409607369
40960828
4096195183
4096408
409725
40973538
4097584
41305960
413149
4131940
41353518
4136
413620757
4136420751
41368
41370
4137152
4137571590
4138
413807131
413831
413839
41385308
413903
413975
414063027
4140709
414131426
41414059
4142
41424135
41427
414270
4142795314
4142842
4146407
414720
4147281
4147494
414752
4148415
414842970
41485304
41485713
41495
4151
415138
415150
415242427
415282575
415353
4153930690
4157
4157046937
41572
4157315
41574279
4158
415849742
415851486
4159408
415946
41596
4160208539
4160283
41603
416071859
4161351
41615031
41625
4162518394
416295838
4163131
41631837
4164137939
416830272
4168372
4168492026
416909182
416936
41695384
41696
4170
41702694
4170404
417047
4170473
4170617583
41715
417208
4172094
417280269
4173171
4173183
417496079
417505759
4175147
41758402
4175847
4179
417940
4179635037
41803839
4180529407
4181497464
41816841
418169
4181950404
4182
4182050736
41824059
41825
418272739
418283707
41836816
4183804
4183839
4184
41846460
41849
4185090
4185703850
4185930
4186
41862
41863586
41905972
4191479263
41918292
41920968
4192492538
41929147
4193
4193818373
4194
41941
419426407
4194838175
41958
4196026916
419608
419624
4196480382
4197050690
419724040
4197496171
4197904072
4202464940
42030
4204
4204263525
42046174
42047
420473
42048
4205
420529263
420538
42058150
42059414
420628262
42064
4206953848
4208
42084
4209
4209381
424061
424063
424068383
42407
424070629
42408
424080358
4241308
42413690
42413829
4241735857
4241928
4242047
4242048462
424281
424283
424286064
424642
4247082
4247371
42479314
4248
4248097052
424846
4249
424929051
425040
42507
42524148
4253072
4253524715
425383759
425704
425731496
42584
4258408050
4259
42590419
42591
42594
42595029
4259704927
4259751
426036169
42605
4261319386
4262426
4262506960
4263
426373
42646146
42647024
426479
42680380
4269
4269319
4269392
4269393
42695269
42697
426973792
4270
4271427535
4271539
4272730
42730
42730702
4273524
42747
427472
42747283
4275
42750
4275293692
42790862
42803
42804
4280402
42807
42809351
42816490
428175
4282
428240
4282819427
42829
4283647
428391692
4284
42840803
42841
4284637
4284947
42860
4286035205
42863507
42863605
4290425
4290514740
42906
4291504185
429153
4291581
4291946486
4292
42925838
429281
42935097
42937947
42947279
429483
429484
42949
429493791
429494
429496
42949613
42951314
4295162
4295294
42957
42958
4295838
42962
4296296141
42964719
429739
42974
460209273
460274
460317209
4603531
46036
46036907
4604
4604160
46042
4604269281
46046073
4605
460507
46059
46059079
4606
4606252
4606803693
460697
4607
4607363571
460742481
4608491
4608631585
4609592961
46097
46131
4613149070
46135
461363
46137142
46139
4614092
461425973
4614719
46148470
46150516
46151635
4615262
46158581
4616473
4616868040
4617357
46191907
461975
4624
462405370
462469
4624824
462492750
462502
4625049
46253
462581427
4625837
462586469
4626038527
462640
4627039
4627136
46280361
46281
462814
4628285
46285791
462908318
462909058
462928586
46293
4629413096
462959
46295918
46302690
463040
46309414
4631408
46316149
463168
46317
46317302
46351
4636
463630
4636314
4636372729
46368
463709272
4637138
46373725
46374
463742494
4638
46383
4639
463919508
46394
46406
464082
4641
46414973
4641515927
464152461
464196284
4642863
464617
4646481361
464706362
46479593
46484802
464862916
4649041
46493157
46495
4680
46803968
46805791
4681
468139
46818
4682
46820729
4682464
468272
4683
468306135
4683752
468380718
46840
46850
468504058
468583
4686
46860
4686162703
4686172904
468683186
468685
4690416
4690427
469047461
4690791
4691
46913
4691380
4691857185
4692
469274
4692941
4692974
469317536
46935138
4693840397
469404294
46941
4694683924
469471571
46951
46951851
469571924
4695807
469591372
46970968
46971638
469750608
46979
47024807
470285316
4702961971
4703642
470375027
4703853
470415728
4704716927
4705153724
47053
4706
470626
4706468273
470686209
470742426
470753
4707927
4708163
4708416
47085
47086
4709
4709049
4709095961
4709130
4709197
47094
4709630429
47097184
4713
47137242
4714
47141
47148038
471492936
4715
47150379
4716
47163
47169350
4717
4717379
47175
4718351692
4718475
471852
471916
47192624
47193583
472053968
472072
4720736314
47209
4724086026
4725
47251857
472530
472571474
4726
4726153516
4726918041
47270
4727058142
4728
4728247
47283629
472842
47284282
4729
4729619
4730
47303093
47304
47305
473073841
47308027
473138
4731905705
4731972
473535368
473583692
473584
4735864814
473636
4737164951
4737182081
473791
4738190519
47385
4739040420
473905916
473915380
47394
474051835
47405192
474092
4741
47413
47416
4741629
4741818509
4742605371
4746
4747307590
4747473
474759061
4748
474809405
474819
474909746
474914
47495169
47496472
4750
475025248
475030
4750690
4750796131
475135
47518
4751824273
47526360
47530
4753092038
47536
47539
475730
47575808
4757583608
4758
47580
475835
475837
475915
475918
4759252907
47904795
4793028
47931684
47935
479364907
4793970
4794264
4795
4795137351
4795142830
47957963
47959370
4796147026
479615175
479631
4797
4802
480248392
480308181
4803160646
4803863
4805
4805031
480513
4807
4807931
480864
4809205964
4809385
480953
480964183
48097190
48130
48130964
48131917
481352
4813719
481407307
481414
4814208248
4815
48150353
481505050
481505358
481517379
481580
48159197
481615
4816495
4817
48170
4817179682
481794
4818141
4818161
48183063
481836
481853
482024618
482027486
4820809790
482095748
48209707
482403
48242040
4824207
48246
4824864
4825
482505319
4825308647
48261730
4826275304
48262914
48263
4826808
48275
4828194807
4828415
4828516
482903928
48291
4829417
48302
483036130
483170
48319738
4835075360
4835719151
4836
48361
48362793
483680
4837
48384
483851
4839
4840241
4840579630
4841
48413
4841395
4841495
48415
484151
4841641
484205
4846
484757136
4848
484802
4848469
4848481461
484927297
48493053
48494
4849403
4850
4851516
4851517
48525182
48529
4853
4853190
485361371
48571
485729382
4857590259
48579
4858
485847
4859
485919
4859369362
48596947
4860
4860281470
486042
4860508
486061
48606360
486080
486168
48617147
4861964184
486204020
48620647
4862494249
486273069
4862919
48636
48639296
48642
4864606
4868
48685
4869
48690518
4869207527
48697
48697386
4902
490248527
490314759
490359262
4903708358
4903748290
4905
490519616
490628
4906290246
4906492
4907
4907979
4908
4908040
49084
49091686
4909749
4913
4913596
4913713640
49147
491483579
4914942
4915
4915146841
4915920
491618
491624
491649306
49168
491681385
49169503
49170
491716196
4917350758
4917472836
4918
4918697309
4919
491931835
4919362824
4920
49202403
4920381
4920403
4920974
4924
492471727
4925240635
492539
4925974
4926047279
49261535
49263830
4926831
492725195
4928
49285
49292848
4930531927
493058158
493142
49319691
4936
4936186179
4936248694
493696
4937
493729720
493730
49383
4938570741
49386
4939
4940
49402
494141741
4941625714
4941827272
4942048626
4942415
49426036
4942950
4946
494641
494730297
4947379359
494750957
494809396
49482
49483863
494841
494848514
49494151
49495
4949571972
495048182
49509428
495180582
4951863
4952480308
495370
495393964
4957
4957171927
495806
4958306
4959059
49591536
49596206
49604273
4961803
4961862
49619616
4962
4962036
49620816
496279
496304203
4963607052
49639086
49647504
4968
49681937
49683636
496957
4970516
497063
497075714
49708535
4971496
49715729
4971748
497182
497192
4972
497279
497280
4973
49730
497308
497314730
49735746
49736483
49738
49738696
4974180363
49746930
49747
4975049183
4975359
497581494
4979397
5020
50204064
5020603
502414
5025
50250
502507
5025072974
50257370
502624
502628202
502636
5027
5027075
5028049647
50283646
502858141
50291852
50305258
5030961907
5031306394
50316
50350573
50351849
50360494
503649
5037306
503791375
5038046149
503805283
50380936
5038281
50403
5040384
50404140
504058041
50408535
5041520462
5041748
504196471
504257
5046203
504683694
504714940
50482
504831905
5049
5049052
504913186
504920727
504938513
50502503
50507
5050818608
50509
5051
50520408
50520604
505252407
5052747417
50528593
5053
50530
50536
5053741927
505724
50583
5058502792
5058590529
5059
5059047
505946057
50596059
50596071
5060
50602
50606951
5061305
5062470
50627
5063524
5063529
5064
506419
506473170
50683503
50690
5070537375
50717
507203536
50728
5073
507382817
5074
50749504
50750718
507524759
5079
507902
5079360
50793859
5079463
5079483539
5080
50816
5081804869
508181363
5082
5083
50835181
5083520370
5084038
5084242485
5084691959
508473
5084818
508490824
5085
508509
5086
5090
5091359
5091525
5092
50928
5092848535
50928631
50936
50936159
5093759530
5094831
5095038
50950619
50961
50962
509641
50969
5097
50973649
5097370
5097485170
51307
513091936
5130926
5131
513180
51353
5135353
5135951
5136090294
5136292063
513646919
51368
51369
513691909
5137
5137057
51371862
51375
5138
51383
513835
5139172
5141
514135
5142
514249
51426264
514647382
51468
514684
51469181
514731708
51475
51479707
514830275
514835851
51483806
5148425
51485
514862927
514963
5149640940
5150361
515048309
5150640296
51508615
5151362685
5153
515394979
5157
51571795
51572
5157390
515796186
5158
515809
5158093949
51583
515908
5159379048
5160359
51606317
51608615
5161473
516159535
516182047
51620
51620483
516250
51629
5163
5163706
51639
51641
51647385
5168
51680
51680918
516826
5168262575
516835905
5169
51693
5169379
51697390
517053
517068141
517084180
51709
517096202
5171403
51716158
51720830
517247062
517274193
517279
51728
517281
517286
5173
51730
517316903
51740257
517415295
5174272
5174273
5174297
5174628074
517486069
51749260
517528470
517538
5179
5179190
51794
5179717380
517973
518041797
5180831929
518158284
51829
51831636
51838
518383528
5184936
5185
51850271
5185153
5185709468
5185948
518647270
5186808046
51909
5191848269
51925
519295857
5193041826
5193083
519371
519381638
5194
5194804
51949
5195294272
51957
519605963
5197038405
5197269
5202
5202463868
52027
52027030
520273
520280619
52038
5203918
5204086139
520486415
5205
52050635
520538
5206
520681
520691304
5207164
52080826
5208192
5240524759
524061417
5240646253
52407379
5240930
5241
52414963
52415
524175809
5242
5242816
5246
5246036
52461
5246186
52463814
52464617
5247259
524729
52473063
524863
5249175
5250529
5250628
525253
525281802
5253
5253581717
52570602
5258
525916
525952814
526030
5260427
5260648
5260740835
5260846
5260949592
5261
526150302
5261696
52617530
52618527
5262642
5262851
5263
526303
52638405
5263908
5264
5264909035
526915
5269429747
52696
527048
52713
52713828
52715857
527159525
5271859268
5272637
5273524
52738052
5274642
5275
5275174249
527536184
5279
52796317
527971759
52803046
5280424748
5280481
528082
5280869
5281942618
5282
5282028
528268020
52827
5282927
52830304
5283736135
5284
52840282
52841
5284249161
528462
5284738
528493
5285
5285249
52857
528570
528575
5286820
5286914
5290428582
5291402626
5291726
529280285
5292808472
529305
52936938
5293924052
529394747
529570585
5295730
5296149379
52962486
5296859
529717
5297304681
5297317179
5297536
53025
5302514
5302926
5303
53031
530317071
530364706
53037904
530383
5304830827
53049296
53051
5305153596
530582
53061952
53062617
530696085
5306974253
53071615
530724
530729
53079361
5308162
530831
5309
530925
53093
5309727504
53131397
53140426
5314091
531424829
531471471
531504970
5316
5316204135
531635
5316816
531697
531720838
5318
531807
531938
53194
5350
535024
53505
535062
5350819
53509086
53515
535157
535182
535184
535208
5352403
535264792
535351573
5353730948
5353735
5357
53570
53570426
5357904
5358152
53585
535908
535930
535971380
53603
5360392
5360586
536063584
5360684
536071
53607418
536082
536169253
53619530
5363141848
53639
5364
5368
536831
536940949
53696
537031396
537042
537075
537092
53714
537159
537172068
5372
537208149
53726204
5373175
537374746
537381936
53739486
537405813
53749309
537527
53753
5375717
5375819685
53759293
5379
537927935
53802796
5380642804
5381
538174
53824
538262
5382816
5383
5383826
538393
5384
538426824
5384614860
538485826
53849
538684
5386857173
5390363
5390737975
539084
53909
5390947
5391
53915919
53917181
53919695
5392
5392602
5393140
5394
5394275
539464261
5395
53961
57025
57025730
57027
5702840696
5704
57041582
570420
570592037
5706
57063
5707
5707152827
570726925
5707979631
57080
5708195259
57085
5708636303
5709060936
5709362
571314690
571315190
5713186147
571393517
571408
571472
571491
57163531
57164
5716808628
57170835
57172
57181
57190926
5719316
5719352
5719371853
5720394171
572069628
57207
57207020
572075136
572092
5724815359
572514
5725357
57258
5725942919
57264726
5727081642
572718
5727386
57293
57302607
5730869
57317
573171382
573172648
5731818
5735260
5735791957
5735979
57361
5736408517
5737
573717
5737570817
573794795
5737952
5737968
5738
57385
5738517164
57391795
57395
57395858
57396386
57397
5740
574025
5741
5741372070
5742
57420
574284
574628
5746463
5748
574848468
5748640
5749
5749405361
5750
57502
57503730
5750858
5751
57513
5751404
575162
5751820
5752484031
575280
575296063
5753
575303525
5753925150
5757483
5757519
5758
575829
575851840
57586291
57586949
57590
575918
57596
57902935
579048680
57906
579083
5791
57914917
57916179
57918
5791974640
579197517
57924
57929131
5793
579314963
5793630519
579385
5794942727
57951940
5795396868
579581
5796474
5796483
5797
5797257371
579735357
579750538
580205
580261396
580303
5803693
5803742702
5804
5804681
5804720861
580535
58058
580583048
5806
58061
58068042
580853
5808692649
580959085
5809613169
5813083507
58136071
581380
58138570
58139693
581429479
58147373
5817035164
58171
58173
5818250284
5818315282
581839
581868595
5819135702
581928374
5820306084
58204
5820702
582096
582463
582468
582480
582537
58257
582585948
5827
58279741
58284905
5828504
58286
582908
5829314027
583051
58306063
5830838527
58313
58315041
583168504
583518
583529169
58357
583591
5835914
583593192
583602
5836080580
58361597
5836263152
58362751
5837
5837462793
5837468526
5838
5838202572
583836970
5839
583903693
583946
58403693
58405
5841
584162
5841697209
584185185
5842637
5842739682
5846
584620
58463715
58468173
5847
5847050649
58470605
5847162
584720
58481474
58483181
584859
584861
5849602
5850293
5850361
585046253
5850530591
585072718
5851573064
585163
585183624
5852
585275
5853
585306
5857
5857518057
58581
5858146808
58583961
5858636
58590462
58594
5860361
5860937159
5861629375
586164
58619630
58620
58630
58630405
586379
586414749
5864153946
58642
58646357
5868135
58684627
5868518524
586907286
59020
59026
5902835274
59035
590364
59037
5903869147
5903946924
5904026938
590407482
59046
590504
59058
590626404
590682415
5907051508
590730272
590738
5908040
5908079494
5908170
5908197182
59086958
5909
590938153
590948
59097520
5913048190
5913061
5913705
5914
591428
59147
591490
5915
591509
591616
591685
5917380618
591807
591835
5918353
591839
5919
5919247
59194963
5919575273
5920475974
59209136
5924084274
592463
59251538
592574270
592607047
592625379
5926285848
5926316
5927047484
592720
5927475
5927536390
5927536836
592817
59283
592853739
5929302
5929380648
59302680
5930592948
5931
59317529
59357
59359
59359137
5936070572
59363
59369
5937
59372
593720386
59383
593830793
5939607
59397
5940703062
5940750
594130
594185391
59420835
59425796
59464
594682646
594694
5947092724
594724
594724704
5947484857
59486084
59493
594970468
5950
5950351375
5950406975
59506
5951
595169
595208194
59524702
59530485
595309
59539184
595395293
5957
59583060
5959393835
5960
5961
596163026
59630257
596317080
59635704
5963592
59640372
596415716
596460
59649
5968
5968048
596808
596808513
59681
5968160847
5968206269
5969
596929
5970253
597031841
59715026
59716951
5972
59725835
59726
597306
597383
59739286
5974203
59742605
597481307
5974979648
5975
5975024
5975049
59751758
59757
602072
60240
6024717
6024860
60250406
602515
60257275
6026175971
6026413806
602685
6026925
6027
6028
60282
60283570
6028479
602850275
60290
6029185
60293
6029617
6030426402
603069719
6030739164
60308072
603082
6030853084
6031
60313
603157528
603183
60350827
603524906
60353570
603591926
6036
60362809
6036947040
6037
603751
60382
60384
60384908
6038608
603906
603951
6040
60405096
6041
60413
6041505241
6041575
60417
6042
60428
604630806
6046851309
604708
6047306
604757350
60479
6048485374
6049
6050
60502
605090680
60509719
6051681470
6051827048
6052
605208262
605302851
60535
6053647
6053819
6057
605702
605728
6058
6058285069
6059
6059193
60593
6059728372
60607197
60608360
6060969
60614
6061961
6062
6062063
6062616083
60627
606290
6063
6064647
60646479
606491
606494
60683535
60685
6068617574
60691
60693
6070
607026
6070417
6070948537
6071
60724
6072495
607259158
6072684195
607282
607295794
60729649
60735
607392
6073949713
6074150924
6075
60757
6079163
607928536
6083
60831
6083802741
60839096
6084
6084073
6084137415
608485
608495197
608508
6086
60869
60908306
609095374
60914
60915
60918383
60942716
60948
6094963753
6095
60951
609584280
60958538
609604957
6096147250
6097
60974195
613081862
61313
613142
613147319
6131486
6135824
613585864
61363706
61372
613724716
6138
613802641
613813094
61382841
61385
613858
6139
613937283
6140818
61413
614131719
6141402
61417280
6142915153
6146
61461
614694174
6147
6147369
6147939797
614814682
614826461
6149
614941747
6149725
615029168
615059
61507
615084
615135050
615141419
615164
615240
61524260
61525
6152796095
6152939
615307
6153149
6153604
6153703707
615374
615792059
6158
61580809
615850
6159
6159270
6159290861
615957
6159750251
616036273
616037038
6160464
6160514171
616063
6161
61615
6161628295
616169479
61637
6164079
61648159
6168
616827483
6168685
6169097469
616971315
6170
617036460
6170586085
6170750509
6171
617131
61714684
617191475
617241529
6172572903
617258
61727159
617285314
617368240
6174242
617471496
617504
6175816079
617590
61759582
617917157
6179503
6180509
6180746
6181469396
61815373
61817250
6181926
6182
6182616049
618272069
6183
61831609
618318
6183627464
618370
618419
618462918
6184630602
618491
6184919
6185
6185035946
618579382
61860642
61861
61863
618641
6186462
61868031
619042085
6191475
61916072
619191493
619263
619274171
619282739
619297390
619370
6194
619402426
6194242
6194685037
61948
619483913
6194941
6195
6196062646
6196157
6196316
619635319
6196360
61964
619646414
6197026309
61971979
61972080
619758
619758318
62030570
620351
6203746
6204
62040519
620462520
62047
620491629
6205282828
620586362
6206
62086079
62090
6209257294
62095
624031
6240427936
624051
6241
62414
6242
624202
624202813
624203
624252795
624271
6248
6248597
62486206
6249082
62491493
6249285046
6249736972
625036092
62505949
6250606
6250609
6251
6251731381
625257915
625275829
62530462
625361
625375194
62538051
62538091
6257362
625831816
625862
6259639
626085
626096136
6261
6261726959
62618
6262
626246969
626282
626375968
626397350
62640
62647
6268
62686086
6269390
62717
6272
6272497
6272571361
6273
6273140
6273591503
6273725
627395
6274
62746171
627468
6275
627520357
62757048
627916
6279260837
627940942
6279468
627962720
627979607
628037138
6281
62819492
6281973
6282074935
62827068
628282
6284
6284142795
6284695
62849
628491
6285
628520
628525251
6285725941
6286957919
629064
6291
629158090
6293
6294174
62946358
6294737
62949302
62953
629685
629693
62979
629790
630269175
63030
630308302
630405
63046
6305
63050
6305058
630525182
630582
6306
63068350
630693864
6307
6307204027
63075963
6307946
6313170
6314
63140
6315
6316
631617928
6316485
6317
63173
63173192
6317518
63181
631817
63185394
6319
6319270839
63195170
6319717053
6351305
63524
63524075
6352471909
63525
6352725141
6353
635302
63572414
6357272042
635736
6358
6358597
63590317
6360
6360516
6360575
6361
63616
636192
6362
63626405
6362648024
636284
636319737
63640
63641
63642
636471
63681
63682
6368270472
636857037
6370
6371
637142468
63715072
6371858
6372
637258036
637259638
637283702
6372857
6373
63737
63742
637429
6374825
6375
637531
63753538
63757953
637924
63793796
637948462
6379524
6379624075
63797382
63804
63806484
6380684935
63808
63808414
638096415
638131
638260629
63828
6383
63838641
6383975738
6384
6384158316
63846
6384637
63847057
638470840
6385
6385185370
638520949
6385758626
639024074
6390681370
63909
6391695186
63920939
6392416319
639273586
6393158
639351
6394
63947269
639484
63949
63952680
639581
6396919429
6397
639752694
6402
6402037259
6402472474
64027275
6402818
6403937
6404131403
640492735
640502953
640504068
640515
640581
6406
6406480538
640841472
6408580
640914
64093179
6409757506
641404628
641462
641468592
6415
64159204
6416859
641695097
6417
641708515
6417160
64174
641827030
64184920
6419029
6419362
64196
64204
64204042
642053840
6420737
6420919716
642424
64246
6424725191
642518174
642596
642608
642619
6426241
64263
642696
6427
6427138383
6428
64284
642859681
64291393
64296
64296393
646049
6460729
64609
64609413
6461
646158259
64619
646203
64625
64626
64627169
646350
6463595817
6464
646407
6464207
6464627
646485
6468073807
6469037
646928375
6470
64704209
64706163
64715
6471705
647181
6471824
647209383
647253
6472535
6472604
647273539
647381796
6474
6474141
647471
6474952420
6475
64751575
64753
647582
6479172483
647957
64797
6479715
64809
64814274
64815
6481849571
6482
648205940
6482070
64824181
6483069370
6484
648509
64851468
64853069
6485751427
6486050807
648615135
6486968359
64909
64914
6492630
64931
64936
649369708
64958
64959130
6495974
6497537408
64979
649797209
680206
6802460
68026183
680291
6803
6803091
6803096
680351808
6803849173
680386
6804
68048570
6805
680504039
68052
6805305071
6805750509
680590384
68059190
68061691
68064829
68068
6807
68074
68075
6808180
6813
681318590
6813573
6813830
681383979
6814
68140
6814263
6815
6815183
6815186
68152938
68157
6815797529
68158
681583137
6815939
6816
68160
68163080
681647
6816813164
681695
68170726
68171
681740379
6818
68180
68183096
6818403739
681847
681851
6819071
6819130
681914
681914848
68196093
681968472
68202795
6820525
68206171
6820952947
68242
682485
6826
6826840
682692572
682715060
6827294
682735352
6828
6828527
6828590
682861
682905363
6829135813
682927
68296
6829624614
682975
6830
683094686
6831414
683164804
6831814
6835
683516
6835304
6835813
6835907937
6836
683614
683646309
68370
6837185
68374279
683820838
6839
6840461
684052031
6840581
6840616
6841
6841503
6841629
684274240
6842869372
6846
6846940
6847153692
6847391738
684794
6848047
684816373
68482751
6848363720
68486925
6849186
684930386
684968075
684974608
6850
685030742
68503757
685064970
68507
6852042
685253520
685262
6852806208
6852846
6853586391
68572
6858
685830
6858413
685951740
68597
685979163
6860402
686040693
68604173
686062047
686141319
68615272
68617
68619
686209
68626318
68627181
686274625
6862748602
6863
6863182
6864
6864170841
686426
6864836
6864936
6868
68681
68683861
6868473726
6869
686936935
6869375
686942
6902093973
6904
69041
690428
6905
690538284
6906246
69068
6907527
690835
690939694
6909484
69140815
69151317
6915309073
69163637
69170286
69174
69182
69182860
691913051
6919406486
691961
69203
6925
6926
692603
69262717
6926285
6926297
692638392
69268029
69268639
6927053691
69272406
6927273974
6927358
6927570604
6927968615
6928307182
69284
6931
693170
693183158
693531
6935748306
693642724
693680
693685
693748535
69379241
6938
69384
6938636
6940715930
694074713
6940816
6941
69418424
694284
694616
6946193
694625
6946404206
6947
694703615
6947173857
69474
6947420646
694746942
6948
69491
69493
6949496868
6949693
6950903075
695131682
695137351
69518
695203
69524
695297
6953794248
6958
69581
695849
695868
6959
6959080370
69591
69594714
69597
696035937
6960508
6961384
69616
6961797418
696195
6962081962
696209
6962539257
6962613719
696268
69628152
696306
6963575
69636926
6963936
6964963581
6968074616
6968464
696917
69694139
6970291718
6970485814
69713
697272
69729
69730402
69737
6973790904
6975
697515747
6975284615
6979
69794050
7020
702416484
702471413
702472480
7026
7026046
702638131
7027
7027051
70284
7029535724
70304935
70309580
7035
70350
7036
703624952
703630494
7036371
70372902
70380
7038493
70393
703930383
7039585057
70396
704050
70405364
704072053
70413
7041393
704141
704150
7041615
7041831
70429
704296286
70468572
704751
7048
704803
704815
704918
7049192
7050284
70502969
7050631
7050970296
7051
7052081
705309
7053141
705351
70574
7057492
70579070
705795
7059
70590
70596273
7060316
7060584
7060638696
706162
706197
7062
70625848
7062597524
706292
706303158
70635
706352
7063707
70637908
7064
7064185951
70642640
7068
706841869
7069603073
70697
7070268
707027
70709
70713949
7072058626
707263026
707291
7073
707315
70741507
70748
70749248
7075
70752797
70757
707925707
7080394
7080909580
7081494
708161
70827
708272
708379409
7084
7084851596
7085
708503
708516
7085246039
7085704
7086424084
7086975
709042
7091
709174131
709271824
7092937427
7093
709362085
7094137138
709496
7095247952
709537303
709572
70957372
709583
7097
7130
71304050
71308
713084
71316
71352
7135913
713604
71364
713714
7137149
71380
71382
7139
713913
7139169
713952
713963
7140
71402516
714070
714073585
7141
714137264
71417
7141704
7142748
71429694
714629
714685
71479039
714796205
71485139
71486918
7149
714940
71494847
7150
7150861
7151493081
71515
7151725
7152082
71524
7153
7157208
715725718
71585
7159
7159316473
71593820
7159594
715962
715963858
716039
7160462647
716051
71607907
71609
7162868
71635728
716406
71641495
71680
7168038206
7168627026
7169429
716958374
71713
71728508
7173747
71738686
7174205
7174805026
7175
717520
71752905
717538
71759
7179
718020
7180694
7181304693
7181582
71816
718179
7181935158
7181975147
7182
7182481920
718269
71827029
71828185
718395702
718406969
718464792
718497
71849729
7185173157
71852740
7185720363
7185862
71859731
719063869
7191535
71915826
7191740
71925
7192525791
719283807
71940860
71946408
7194724640
71948
719485031
71949520
71950572
7195909151
7195973
71962839
71963
7197284258
72027249
72031581
7203581
7204
7204617029
7204842
72059
7206
72061
7206173
7206391492
7206419
720728270
72080684
720829
720857
7209
7209270
7240
72403
7240515386
724062
72417241
72417426
724240920
7246
72460
72461
724627
724682
7247
72486
7249161830
7249303
724968024
72506
7250753613
725207
72525
72526
72531
72535249
72535719
7257
7257281475
7257282691
7258
7258197249
7258350396
7258415
725858380
7259
726053
72617386
726174
72619
7262
726204
72626916
72627
7262749751
7262809
7262974052
72638
72646
726480
7264920379
72681
7268150
72683593
7268470
7269
726903724
72691
7270
7270316
727050
72706
727068393
72714
7272
727272
7273
727396
72741
727420352
7274848393
7279
727908
7279272
727930972
72795
727957958
7280
72808647
72813
72814052
7282692
7282718628
7283
72838
728424286
728590
7286280
7286960
729057
72909
7291
7291979062
7292619690
7293
72935279
72939186
7294
72941
72948625
7294917463
72962629
7297
729714
729720
73024285
730264736
73037204
7303724
7304
730415750
7304629162
7304695819
73048269
73050
730520372
7305806
7306
7306419471
730647242
730708250
730724
730739728
7308418
73091
73095
73096817
7313
7313190481
7313594
731364735
7313683
7314
73140
73146949
73148
73149
7314931420
73157468
7315920
73163525
73170
7317137074
731715
7317313
7318
731808584
73182529
731826306
731837573
731849505
735047063
7350514
7350935937
7351
735135285
73513570
73514
73515
7352
73528
7352838
735284
73530739
73530936
73536
735361317
7353739
735395280
7357270620
735757
7357904130
7358
73581602
735839
7358462
73586
735915
7359194246
7360
73603861
7361
7361585
73617
73625
736270304
736284
7363
7364
736408395
736408631
7364185304
73642
73642803
7364615302
7364693506
73647
736497939
7368
73684036
73691
736917173
736950826
7371357039
737139538
73718185
7371938
73720
73726
737260507
737385804
7374
737417469
7374262537
737481927
7374909
73751
7375185838
73752615
7379173
7379316860
737957149
7380
73803186
7380461
73804914
738085
73809209
73815
73816
73816949
7382
7382029164
7382486902
73846
7384927
7385
7385303828
73864
7386473
73868
73906
73906835
7391
73914
739262806
739285914
73929
7393714731
7393915368
7395
73950703
739513175
739514051
7395171
73952507
73958
7396
739635
739647
739709
7397241950
739730625
7397392738
73975020
74025363
7402682919
740302
740390908
7404
74048141
740537282
7406
740635838
740717
740719
7408
740803
7408648628
7408681708
74092
740928
74093036
7413
7414026384
7414814975
74148408
7415164025
7415264074
7415827175
7416
7417464
7418
7418037508
7419
74190
74190360
7419469748
7419473160
741951857
7419797075
7420
7420248
7420869
74209
7424092420
7424857
742502
7425208570
7426
7426304696
742680250
74271697
742742685
7428351
7429162
742936
74295
7460364080
746072642
7460828
7461
74615835
74617
746191
7462
74629
746314275
74635702
74636
746385950
74646359
74648130
746492863
746802725
7468079
7470
7470483853
747070
747091
747158
74725859
7473069
7473826
7474
74740
747409696
747483807
7475
74751
7479
747914851
7479705
74806352
748073
74808
7481309
7481382084
74815370
7482090
7482615159
748268
748295
74829585
7482962
7483152
7484
7484037
748472
7485158
74860515
7486404696
7486426079
7486485
748686285
7490
7490609491
74908420
7490939152
749169
74929
74929697
7493
749374
74938464
74948603
74950
74953
7495851935
74959
749639703
7496853
749748625
75031
75046904
7504720706
7504841
7505
7505361
75059692
750708035
750728
750758
7508
7508039
7508185
750852518
750957535
75096
7513
75135093
751414858
75146
7514714716
7514739
751483
7515
75150
75151464
751538
751572
75157902
751580
7515840
7515853097
7516472913
75169
7516918391
7516979392
7517
7517250
75173
751827504
75197158
7519739
7520
752024
7524
7524150628
7524292050
7524925970
75250296
7525304059
7525391
7526351
75264
752724
7527242797
7527270
7527386
75279313
7528416
75293
7529308
753136240
753141
753157
7531579468
753190
7536260
753704
75371
753728173
7538
7538142
753825969
753853
7538631814
7539
75390502
75395
753959294
757057462
7571618
7571796286
757191746
757195271
757241969
7573073
7574
757413
75747917
757486
757524
757536928
7575950302
75790291
75792
75793968
7579514
75797
7580
75806
758381
7584
7584283
7585740
7586
758603
75860640
758697
75905
7590952
7591
759262961
759296483
75930691
7593719
7593825374
75938425
7594
759405131
759407
759480
7595
75951
75951648
759517
759539
7595790209
75958
7595938
75960515
75963053
75963949
75964282
790305961
7903079157
7903609
79038
790404
79040616
79046147
7905852724
79068
79072
790752470
790796
7908368
7908391
7909
7913092960
7913093513
79135
79136
7913931
7914180
79147
791484
791516
7916150586
7916396938
791641
791646425
79170
79179
791807
791808482
79182794
79190826
79193518
7919352959
79197
7920
79240752
7924951392
79251
792529
7925794152
7925952482
7926
792628
7926483605
7927041647
792713
792750
7928
79292
792942
7930961302
7931586
7937148353
793741
793793
79383524
7939
79390
7939063
7940482
7940535
79406037
7940735175
7940738
7940857268
7940916862
7941359
79413820
794148
79415803
7941748508
7941835913
79419
7942
794248585
794263742
794274
794281
794296919
7946
79460
7946371848
79479161
7947938361
7948
794805061
794813
7948574
794861
7949
79491
794930
7950
79505062
7950958382
795197
795283
79529209
79536
7953725
79571507
79575
7958
7958274
7959
796026
79605
796057049
79609395
7961
79613
79613530
7961514841
7961604
79616260
7961851
7962962
7964
79640426
7964163846
7964250
7968
7969608684
796975
79706
79708
79715
797159
797196
7972
797274903
7973
79739
7974
797416
79746
797474
7975
79751
797570396
79759
7979171
7979693537
797970603
80202
8020240797
802053
80248174
8025
80251502
802575369
8026072
802626463
802631
8026970863
8027
80270
8028
8028025969
80286
8029269596
8030474
8030958
8030975
8031
80314
803191590
8035286804
80360
803614179
80363
80375
803806
803846
803868393
80391
8039179
804081
804093
80413626
80416861
80418
804193
8042
8042416
8042607
804285
8042869685
804296390
80464173
804682942
8046848635
8047970
804826
804848
804864
80493
80497
805086
80516380
80518304
8052079
80527
8053
805373692
80571
80571803
8057352471
8057474975
8058072
8058253620
805859
8059206
8059583
8059607
8060
806026370
8061
8061494631
806191308
8062461407
80635
8064
8064285
80647
8068424
806861
8069
80691
80703
80705
80709
8071
80716924
807174291
8072
8072086270
80727
8072792640
807316
807374261
8073929708
80742869
80748
8075
807535
8079260
8079468402
80796
808151
808173
8081813919
80824
808286907
8082972
8083
80835
808383
80848
808514
808527394
8085795251
8086197
808693
80904
80907
8090850373
8091514
80916849
80925
809268391
809282
8093
8093570
809360
809362
809362759
8093680
80937
8094726294
80948
809493804
809518586
809584
8096
809613
8096397524
809714
813616308
813692718
8137040402
81373
81379502
81394
8140
8140202
8140273708
81404258
81405
8141
81414
8141513
81424083
81427
81428470
8146
81461
81461359
81462953
814851
814859163
8149353
8150
81503
815030
8150837307
81509207
8151361308
8151516
8151863
815186474
81526
8153
815391496
815720526
81581
8158295727
8158468
8158607280
8158616136
8159
815905049
81591
81608472
81619
81619581
8162
816274
8162915071
8163
81630307
81631462
8163928
8164
816402
816419
8164635
816463748
816471
8164735
816496151
816829172
8169
8169649136
816969
8169705
8170
8170295035
81707
81709158
81715
8171624
8171631913
817164
8171936
8172
817261594
81727
817270
8172938
8173082
8173629
8173639
81737
8173838
81739285
8174
81741
817414
8175039
81750497
817531
8175958147
817957
81807
8180757
8181352461
8182
8182506848
818297194
818303
81836914
81838
818382751
81842
8184684
818485
818525
818535829
81869
81903
819072
81909490
8191
8191530
81916917
819170927
8191942636
8192
81924
81928
819290
819293
8193715083
81941816
819428
8194849096
819497462
8195040
819519
8195847
81959
8196
81963
819714
8202
820205053
8202835363
820291307
82029418
820350
820353
820363
82037
82041813
820424948
82048
8205
82050490
82051464
8205837271
82059
8206090790
82061494
820682594
8207
82074
8207468
820818
820838
8209
82094
82094181
8209715
82402
82403850
82404
82406
82406390
8241
824139
8241594282
82416
824164
8241706262
824172
824173642
8242
82470
82470507
8247090281
82471947
8247468571
8248
82480372
824907
8250
82503151
8250370427
8250603092
8251685
8251714935
825197
8252
82520305
8252494
825294647
825295359
82529705
8253
82531358
82538
8257247538
825747
8259297
8259705094
8260279
8260579752
82617
82618249
82628
826283
826284752
826372029
8263868
826474051
8268
826802938
826808
8268357242
8269086286
826913
8269350
8269481579
82695909
82709
8271
82716
82717383
82727
827307959
8273829
827424202
8274749
8275
8279
82792030
827948
827957384
827963
8280286
8281808
8282
828208070
82824
8282507
82830
8283519283
82838316
82839471
828403183
8284185
8284640
8285
8285095973
8285829
8286
8286925
828692520
829096
82915
8292090
8292847
82928484
82931
8293530
829372859
8294
8294175
8294714
8294720407
82950
829517948
8295252815
829574
8296
8296859
829728
8297485
8302072959
8302084164
83027
83029
8303
8303583
8303869403
83041
8304252851
8305
830518682
83052863
8305380
83062937
83063917
83064163
8307
8307136157
830752053
830836916
8308526025
83097
83097513
830979020
831357491
83137
83137519
831381847
8314
8314629
8314858170
8314906946
831530
831646383
83168
831684175
83172
8317308
83175753
831790
831797205
83180
831802
8319
8319070
8319419
83195
8350480
8350635
8350706402
83508
83525862
8352686426
835274
8353047
835360
8353708
835742085
835790
8359
8359241846
8359373950
83597913
8360
8361486046
836168426
8361716
8363
83635757
836363
83637
8364
83642
8364919
8368
83683
8368473
8369270913
83693
83694038
836953
837041495
8370616835
8371
8371596809
83718526
8371929
8372
8372064
8372602842
83727
8373
83731
8373529581
83742
837425979
83746803
8374937
8375
837519797
83752753
837924
8379268172
83793
83794
837962
837969082
8380
8380793638
838094
8381
8381304692
8381514281
838173849
8383
838315
83846385
8385
8385940583
83863586
8386363
8386848370
8390
839049363
839053
83905959
8390952
8390973819
83916158
839169757
839269
83928
83929420
83935
83938
83939095
8394963164
839531
83963
83969
83969084
839705729
83979
8402
84029
84038
840491
840514
84051620
84052
8405927
84059647
8406
84061
840618
840717197
8407582969
8408190
84082
840848
840908
84091
8409192714
840937506
8413
841316
8413646
841372570
8414
841408526
841470361
841475725
84152953
8416159
84168
8417074949
8418
84181727
841831
841902
8420
84206
8420820505
8424686313
842593
8426
842715091
842718351
8428027260
84282
842853
8429028302
846039183
846051
8460526173
8460914
84609738
8460974
84613157
84613697
846152
84617
84617579
8462972
846297385
8464
8464051316
846413
8464913949
8468628535
84686291
84691
84691502
84693624
84694
846975173
8470
84705308
84706925
8470726463
8471
84715316
8472483
8473083
8473609
8475
84750
84751
84751416
84759
8479
84791630
84794281
84795195
847963
8481
848151
848157
84817
8482403
8482613926
8482638615
84827
8482718647
8482825
8482925
8482935304
848302
8483071907
84830805
8483973
84840
848405257
848417192
8485285
8485286
8485353635
848620
848649269
848693
8490614
8490730
8491
849148
84916907
8492
849285259
8493170205
849359
84936
8494052628
849414
8495269757
84957
849584
84961
849716272
849724
84974628
8502473024
850268418
850294241
8503064149
850468
8505208081
8505358
850590
8506
85062
8506308284
850637
8507
85075
850836415
85085
850864
8509082
8513026064
8513141
851369281
851394291
851395086
851406936
85140841
851415
8514795757
851490
851506
85153930
85158694
8515942
851647
8516490
85171494
851715
851835
85186495
8520
852060
852081725
8524619717
8525053
852530
8525961515
8526
852637
85264
8527049
852718
852728190
85272868
852737925
852759262
852808
852825305
852852928
853097
85314084
8531417475
8535
85352935
85359
8536251
85363146
85364
8536919173
8537
853717
853758240
853792
8538086
85385
8539168
85392759
853928160
85396979
8570
8570531817
857062
8571
85718068
857184
85726817
8573694638
85737158
8573757419
8573815
857384635
85739
85742406
85747197
8575024729
8575957071
857904
8579049
8579086317
857916
85794906
858039525
85817
8582
858242960
85824802
85825
8582692
858274
85836
85839
8584061472
858463
8584684959
85852714
8585308274
858531
8585747063
85857519
858586
858636
858682071
8590
8591
859173715
8591859618
8592
85924
8593
859384930
85940
85941
859425
859508607
85952807
8595704
85958314
859614
859614717
8596242859
8596835793
8597
859716
85972
8597253531
8597374
8602429575
860282
8603
86030848
8603584
8604053048
860591592
860615
86062
8606259728
860630309
86068096
860683
8607130248
860724608
8607486486
8607597528
860806
86085
86091
860918059
860951
86130416
86135
861362
86141396
86146
8614691649
861470
861514918
861579
8616026
86160304
86163020
86172846
86179713
86181
86183530
861861403
8619
86193093
86194037
861971
86202736
8620646319
86246
86251502
86252
862570839
8626
8626309094
8627051
86270913
862713793
86272492
86279
8628306
862850
8628514
86291
8629147
86292
86294802
86295380
8630
863037291
86304
863053951
86309
8630925
8631
8631718
86318
86357
8636
8636193940
86364259
86369
86372413
86374716
863796473
8638
863851
86386
86394
864039
8640681792
86408
86417
8641746
864191
8642
8642083816
864686831
8647
8647417
8647572
8648068519
8648195261
864825042
8680
8680264081
8680283
86814
86816202
86817406
8682485729
8682518
8683
86830
8683137
8683509
8684203846
868483
8685
868506
86853086
868571917
86860715
86863
8690
869028528
869053
8690618024
8691
8691481
8692
86925
869368
8693839526
8694
86940
869420
8694274
8694729
86948
8694917518
869535951
8695839
86958484
86959719
8696
86964251
8697
86975
9020
9024
9024208
9025
90252631
9025290828
9025373816
9025826251
902582957
902590
9026
9026351859
90263571
902728
902728368
9027469
90284
9029360208
902946
9029616479
903091404
903138
903159150
90318584
9035140
90357159
90358
90372
9039
903931682
90396830
9040414185
904074
9041495838
904173
904271
90468
904686307
9047136851
904827185
904830590
90484
90485168
904936085
904964
9049726969
90502
9050284
905041852
9050726064
905072840
9050831636
905085282
9051
905142684
9053
9057029
9057313052
9058371
905839790
9058407417
90586
9059
9059241
905946
9060
9060283
9060585
906071527
90613
90614
9061539185
906161
9061738
9062
90620250
9063979
906839
9069
90697095
907059
90709
907195842
9071971924
9072
9072053716
9072429
90737937
9074709273
90792472
9080593702
908071737
90817
908171
9081713024
908186
9082
9082464068
9082924
90831828
908359
908364
9083863
90840509
9084642
90849281
9085
908508414
908514631
908515
908585
908590
908592868
9090
90915
9091535161
909192
9091962
909204680
909272591
90931
90931824
90935851
9093929708
909394792
909482
9095
9095283
90962516
909681
909702758
909730
91309091
91317
91318259
9135046242
913591316
9136402
913740
9138135
9140483158
9140616050
9140925146
9141
91419
9146
914615727
9146185979
91468
9147
9147053
914791
9148
914830271
914853
9149
914926
9149306484
9149464607
9150
9151
9151426
9152525863
915280252
9153
9153180
91536146
915364640
9157
9157405047
915806208
9158616
915864196
91593
915942847
9159749
9160
916169403
91619
91626
9164
91649275
9168192
91682691
9169095
91692828
9169313951
91695
9169581
9170
91704626
91719297
91726
91730
91730974
9173172
9173592509
91739575
9174
917581
91793
91797
9179706174
9180
91804
918094
91813629
918159385
918160928
9181726313
9182
91824942
9182581790
9182930391
9184619024
918507
91851
91860
918639
91869368
91905868
91909
919160736
9191859161
919202
919240
91925
91929
91929069
919350205
919373
91937464
91938
9193857424
9194150261
91946
919506309
91957
9196
919607142
9196247
9196417093
91970924
92030
920379
920383842
9203951
92047
92050795
920604
9207
92073928
920747317
92079638
9208141
92085
92086384
92091919
920928184
92093970
92097
9240
924091
9241
924146194
9241592
924631649
924649684
924682908
9247
9247057
9247315
9247350247
9247484058
9248130271
9249
92490
92491
9249351
924942
9250248385
925069183
925091727
92520742
925241539
92529503
9253
9253638309
9253795172
925729591
92573
9258
925802
92584
92584819
9259
9259294
925930269
9259303
925947538
9261636
926173
926174
92619715
926250
9262503
926296395
9263
926382
92639
9264
92640
9268425
9268505
92693
9269361
926940
9270
9270535724
9271738
927190
9272481941
92728495
9272924
9273
9273737
92748
927480
92748630
9275
92752
927520380
927537362
92757902
92758168
927906
927924293
927927
927962
92796462
9280809479
9280816161
928192
92826927
928358294
92838
928426306
9286
92860
9286385
9286853
9290
929029297
9290614
929069
92907172
929084
9291
92913
92913139
92916392
929242483
929260585
92926093
9292791
929308
9294183806
92942802
92946419
929464618
92946483
929535373
9297
9302
93037
9304
9305395
9305739
930579
9306
930615
930625
930636039
930727262
930796
9308
93082630
9309
930908
9309084
9309281
93095059
9313059
9313514942
931353084
93137140
9314
9314271593
9314927
93159
9316
93163937
931641859
931647581
93169173
9317071
9317096090
931718530
93174
9318
93180
93182083
9318425
9318591
931861
93509
93509752
93513807
9351816141
9352
93531681
935393
93570
935731604
935736372
9358
9358203027
935838371
935850379
9358613
93594909
935961
936069
9361
9361464
936150791
93617031
93619
9362
9362427
93625068
93626
9362620350
936269
9363169502
936392
9364
936402428
936404815
936420
93647
9364960261
9368171
9368193624
9368463
9368471
936927
93703
93706
937082691
9370837
937149
9373175
93735204
937407
937417
93741716
937469
937470735
93751379
9375270680
93759
9379
93791
937940
938069415
93808
938138
938159
938253748
93826386
938268393
938269079
938313928
9383160413
93836202
9383851
9383869635
9383974
93846283
93850
9385174
9386259
9390204
939048483
939052058
9390685138
93917527
9392
93924614
9392837068
9394
93941317
939469
9395
939505836
93952
9396394741
9397362
939758571
9402496496
9402708493
940286203
94029640
940379
940396819
9404136
940425
94046914
940485
940535
94058
94060
9406831581
940713
94072516
9407463917
94080
94084746
9409368
9413
941314
941493614
941496
9415159
9415369
94157350
9416
94161374
941636175
9417
94171
941719513
9417258149
9417515852
9418
94184963
9419
941929
94204
94208
942092
94246
94247
9424917
9424962
94250
94251
9426
942606
942614
9426930728
942746
9428
9429035907
9429196
94295
94296
9460361849
9461
946186
94619090
946194272
946209
94629
9463
946304
9463081724
9463907
9463918631
946417
9464171
9464947
9464961857
946851475
9469429472
9471
947131
94724283
9473182681
9473738031
94738
9473841
947405
947473939
94748
9475368683
9475392
947919
9479752690
948046
9480758147
9482683
94828
9482862725
948305261
9483072
948351836
9484
9484795285
94849790
9486
948604680
948684
9490507
9491
94914
9491528
9491682
9491972
949271
94929030
9493
949370
94941851
9494190463
94946
9495291858
949582757
9496
949629486
9497053083
95031
950471904
95048
950591363
95061937
9506195179
95062946
9506828520
95072406
950791
9507935
950805
950846940
950906
950929
95094848
950951
9509719
9515
951525
95161380
951614261
951620
951685
95168607
9517
95170
9517308
95173794
95179
951791
9518
95180482
951816405
95182
9518262505
951827394
9518385251
9519063
951926368
9520
95202051
95247
952515
95252
952585
952586930
952608363
952680
9527395
95281571
9530496281
9530637
9531358596
9531493816
95351528
95352
953585
953586358
9536074627
9536393135
9538130
953814
953831808
95384
953853815
95386171
953940
9539738
9570
95703
95707
957151959
9571841
95725196
9574739520
957931939
95795
9581591863
95816295
9582
95825
958273
95835708
95837372
9583969
95847
9584790368
9585241317
9585936
9586186
959039
95904142
95904185
95914
95915
95917381
959197064
95926027
9592741318
959281746
959290
9593
959360
9593728208
95941903
95942
959461394
9594618375
95947
95958629
9595909396
9596148
959626
959641
9596939
9597025
95970715
959725858
960247385
9604193042
9605
96057
960580318
9606
9606302
96068585
9607
9608
960808
960824148
960853196
9609
96090
9609059373
960907305
9609258
9609350252
960939
961425736
9615
96151414
96151747
9617042936
96183
961835248
96184
96190
961942
961949025
962026948
9620803197
9624949793
9625260
962819282
96286
962902070
9629792536
9631
9635
9635138037
9635159271
9635159493
96362
96362480
9636268
963693
9637141649
963719514
963750
9638
963863826
96386918
9639
96394183
964020
964031
96414
9641626285
96417069
96418613
9641951938
96420
964207191
9642826
9646086084
9647460
9647479304
9648
964802
96484
96490858
964917
964951505
9680
96803790
96814
9681714
96817925
96824814
9682517513
968252
968273
9683
9684
96847964
9685
968516
968581
9685975026
9686837
9686842852
969036
969160849
9692
969207
9694
969429
969528
9696482907
969703
97026
9702748
9702975
9703
970380
9704
9705262
97057
970574820
9705951
9706
9706951
97071515
9707249271
970735071
97080
97081727
97096
9713635039
971370
9714
9715
9715194
9716
9716050520
971608
971608690
9716170
97163
9716370
97164640
9717
9717203841
9717480
9718
971817
97183070
97194
972079
97208096
9720851470
97242
972472
972474161
97251848
97253
97261357
9728
972839
972936
972952864
97296195
9730648046
9731
97313
973135241
9731571942
973164181
973184683
973191602
9735135852
97353
9735819
973613
9737
97370
9737495
97379072
9738
9738058362
973830638
973857
97386
9739
97392
9739497531
9739636
9740361752
9741507374
97416380
9742
974295307
974615
9746282492
9747
974807
974861718
97492728
975060827
975096
9751
9751405
97518
9752
97520
97524273
9753
9753068583
9753826
97538469
975729
97573
975790402
9758
975818590
9759281
9759615
97597951
9790253157
97905285
979140793
9793053
97935
97940
97942
97949416
9795
97950531
9795280959
97962682
97962749
979690738
979720351
979738514
979792419
