0202
0203
0204
0205
0206
0207
0209
0242
0246
0247
0248
0249
0250
0251
0252
0253
0257
0258
0259
0260
0261
0262
0263
0268
0269
0270
0271
0272
0273
0274
0275
0279
0281
0282
0283
0284
0285
0286
0290
0292
0293
0294
0295
0296
0297
0302
0303
0304
0305
0306
0308
0309
0313
0316
0318
0319
0350
0351
0352
0353
0360
0361
0364
0368
0369
0371
0372
0373
0374
0375
0379
0381
0382
0383
0384
0386
0390
0391
0394
0396
0397
0404
0405
0406
0408
0409
0413
0415
0416
0417
0418
0419
0420
0424
0425
0426
0427
0428
0429
0460
0461
0462
0464
0468
0469
0470
0471
0472
0473
0474
0475
0479
0480
0481
0482
0483
0484
0491
0493
0494
0497
0504
0505
0506
0509
0513
0514
0515
0516
0518
0519
0520
0524
0525
0526
0527
0528
0529
0530
0531
0535
0538
0570
0571
0572
0574
0579
0583
0584
0585
0586
0591
0592
0593
0594
0596
0597
0602
0603
0604
0605
0607
0608
0609
0613
0614
0615
0616
0618
0620
0624
0625
0626
0627
0628
0630
0631
0636
0637
0641
0642
0646
0647
0648
0649
0680
0682
0683
0685
0692
0693
0694
0695
0696
0697
0702
0703
0704
0705
0706
0707
0708
0709
0714
0715
0716
0719
0720
0724
0725
0727
0730
0731
0735
0736
0737
0738
0741
0742
0746
0747
0748
0749
0750
0751
0752
0753
0757
0758
0759
0790
0791
0792
0794
0796
0797
0802
0803
0804
0805
0806
0807
0808
0813
0815
0816
0819
0820
0824
0825
0826
0828
0830
0831
0836
0837
0838
0839
0841
0842
0846
0847
0848
0849
0850
0852
0853
0858
0859
0860
0861
0862
0863
0864
0868
0869
0906
0907
0908
0913
0914
0915
0918
0920
0928
0929
0930
0931
0936
0937
0938
0939
0940
0941
0942
0946
0947
0948
0949
0950
0952
0953
0958
0959
0960
0961
0962
0963
0968
0970
0973
0974
0975
0979
1302
1304
1305
1306
1308
1309
1313
1314
1315
1316
1317
1318
1319
1350
1351
1352
1353
1357
1358
1359
1360
1361
1362
1363
1364
1369
1370
1371
1372
1373
1374
1375
1379
1380
1381
1382
1383
1384
1386
1390
1391
1392
1393
1394
1395
1396
1403
1404
1405
1406
1408
1409
1413
1415
1416
1419
1420
1424
1425
1427
1428
1429
1461
1462
1463
1468
1469
1470
1472
1473
1474
1479
1480
1481
1482
1483
1484
1485
1486
1490
1491
1492
1493
1494
1495
1496
1497
1502
1503
1504
1507
1508
1509
1513
1514
1515
1516
1517
1518
1520
1524
1526
1527
1528
1529
1530
1531
1535
1536
1537
1538
1570
1571
1573
1579
1580
1582
1583
1584
1585
1592
1593
1594
1595
1596
1597
1602
1603
1605
1608
1609
1613
1614
1615
1616
1617
1619
1620
1624
1625
1626
1627
1628
1629
1630
1636
1638
1640
1641
1646
1647
1648
1649
1680
1681
1682
1683
1685
1686
1690
1691
1692
1693
1695
1696
1697
1702
1703
1705
1706
1707
1708
1709
1714
1715
1716
1717
1719
1720
1724
1725
1726
1728
1729
1730
1731
1735
1736
1737
1738
1739
1741
1742
1746
1747
1748
1749
1750
1751
1752
1753
1757
1758
1759
1792
1793
1794
1795
1796
1797
1802
1803
1804
1805
1806
1808
1813
1814
1815
1817
1818
1819
1820
1824
1825
1826
1828
1829
1830
1831
1835
1836
1837
1838
1839
1840
1841
1847
1848
1849
1850
1851
1853
1857
1858
1859
1860
1861
1862
1863
1864
1868
1902
1903
1905
1906
1907
1908
1909
1913
1914
1915
1916
1917
1918
1919
1920
1924
1925
1926
1927
1928
1930
1931
1936
1938
1939
1942
1946
1947
1948
1949
1950
1951
1952
1957
1958
1960
1961
1962
1968
1969
1970
1971
1974
1975
1979
2025
2028
2030
2031
2037
2038
2039
2042
2046
2048
2049
2051
2052
2057
2058
2059
2060
2061
2063
2064
2068
2069
2071
2072
2073
2074
2075
2079
2081
2082
2084
2085
2086
2090
2092
2093
2095
2096
2097
2402
2403
2404
2405
2407
2409
2413
2414
2415
2416
2417
2418
2420
2425
2426
2427
2428
2429
2460
2461
2462
2464
2468
2469
2473
2474
2480
2482
2484
2485
2486
2490
2491
2492
2493
2494
2495
2496
2497
2502
2503
2505
2506
2507
2508
2509
2513
2514
2515
2518
2520
2524
2525
2526
2527
2528
2529
2530
2531
2535
2536
2539
2570
2571
2573
2574
2575
2579
2580
2581
2582
2583
2590
2591
2592
2593
2594
2595
2596
2597
2604
2605
2606
2607
2609
2613
2615
2616
2617
2618
2619
2620
2624
2625
2626
2627
2628
2631
2635
2636
2637
2638
2639
2640
2641
2646
2647
2648
2649
2680
2681
2683
2685
2686
2690
2691
2692
2693
2695
2696
2697
2702
2703
2704
2705
2707
2708
2709
2713
2714
2715
2717
2718
2724
2725
2726
2727
2728
2730
2735
2736
2737
2738
2739
2740
2741
2742
2746
2747
2749
2750
2751
2752
2753
2757
2758
2759
2790
2791
2792
2793
2794
2796
2797
2802
2803
2806
2807
2808
2809
2814
2815
2816
2817
2818
2819
2820
2827
2829
2830
2831
2836
2837
2838
2839
2840
2841
2842
2846
2847
2848
2849
2850
2851
2852
2853
2857
2858
2859
2860
2861
2862
2863
2864
2868
2869
2902
2903
2904
2905
2909
2914
2916
2917
2918
2919
2920
2924
2925
2926
2927
2928
2930
2935
2936
2937
2938
2939
2940
2941
2942
2946
2947
2949
2950
2951
2953
2957
2958
2959
2960
2961
2962
2963
2964
2969
2970
2972
2974
2975
2979
3020
3024
3025
3026
3027
3029
3030
3031
3035
3036
3037
3038
3039
3040
3041
3042
3046
3047
3048
3049
3050
3052
3053
3057
3059
3060
3061
3062
3063
3064
3068
3069
3071
3072
3074
3075
3079
3081
3083
3084
3085
3086
3091
3092
3093
3094
3095
3096
3097
3130
3131
3135
3136
3137
3140
3141
3142
3147
3148
3149
3150
3151
3152
3157
3159
3160
3161
3162
3163
3164
3168
3169
3170
3171
3172
3173
3174
3179
3180
3181
3183
3184
3185
3186
3190
3191
3193
3194
3196
3197
3502
3503
3505
3508
3509
3513
3514
3515
3516
3517
3518
3519
3524
3525
3527
3528
3529
3530
3531
3536
3537
3539
3570
3571
3572
3573
3574
3575
3580
3581
3582
3583
3584
3586
3590
3591
3594
3595
3596
3597
3602
3603
3605
3606
3607
3608
3609
3613
3614
3615
3616
3617
3618
3619
3620
3624
3625
3626
3629
3630
3631
3635
3637
3639
3640
3641
3642
3646
3647
3648
3649
3680
3681
3682
3683
3684
3685
3686
3690
3691
3693
3695
3697
3702
3703
3704
3705
3707
3708
3709
3713
3714
3716
3717
3718
3719
3720
3724
3725
3726
3727
3728
3730
3731
3736
3738
3739
3740
3741
3742
3746
3747
3749
3750
3751
3752
3757
3758
3791
3792
3793
3794
3795
3796
3797
3802
3804
3808
3809
3813
3814
3815
3817
3818
3820
3824
3825
3826
3827
3828
3829
3830
3831
3835
3836
3837
3838
3839
3840
3841
3842
3846
3847
3849
3851
3852
3853
3857
3858
3859
3860
3861
3863
3864
3868
3902
3903
3904
3906
3908
3909
3913
3914
3915
3916
3917
3918
3919
3926
3927
3929
3930
3931
3936
3937
3938
3941
3946
3947
3949
3950
3951
3952
3953
3957
3958
3959
3960
3962
3964
3968
3969
3970
3971
3972
3973
3974
3975
3979
4020
4024
4025
4026
4028
4030
4031
4035
4036
4038
4040
4042
4046
4047
4049
4050
4051
4053
4057
4058
4059
4060
4061
4062
4063
4064
4068
4069
4070
4071
4072
4074
4079
4080
4081
4082
4083
4085
4090
4092
4093
4094
4096
4130
4135
4137
4138
4139
4141
4142
4146
4147
4148
4150
4151
4152
4153
4157
4158
4159
4161
4162
4163
4164
4168
4169
4170
4171
4172
4173
4174
4175
4179
4180
4183
4184
4186
4190
4191
4192
4193
4194
4195
4196
4202
4205
4207
4208
4209
4240
4241
4242
4246
4247
4248
4249
4251
4252
4253
4257
4260
4261
4263
4264
4268
4269
4270
4271
4273
4274
4275
4279
4280
4281
4282
4283
4284
4285
4286
4290
4292
4296
4297
4604
4606
4607
4608
4609
4613
4615
4617
4618
4619
4624
4626
4627
4628
4630
4631
4635
4636
4637
4638
4639
4640
4641
4642
4646
4647
4648
4649
4680
4681
4683
4684
4685
4686
4690
4693
4694
4696
4697
4702
4703
4704
4705
4706
4707
4709
4713
4714
4717
4720
4724
4725
4726
4729
4730
4731
4735
4736
4738
4739
4740
4741
4742
4747
4748
4749
4750
4751
4752
4753
4757
4758
4759
4791
4792
4793
4795
4796
4802
4804
4805
4806
4807
4808
4809
4813
4814
4815
4816
4817
4818
4819
4820
4824
4825
4826
4828
4829
4830
4835
4836
4837
4838
4839
4840
4841
4842
4846
4847
4848
4849
4850
4851
4852
4853
4857
4858
4860
4862
4863
4864
4868
4869
4902
4903
4904
4905
4907
4908
4909
4913
4915
4916
4924
4925
4926
4927
4928
4929
4930
4935
4936
4938
4939
4940
4941
4942
4947
4949
4950
4951
4953
4957
4958
4959
4961
4962
4963
4964
4968
4969
4970
4972
4973
4974
4975
4979
5024
5025
5026
5027
5029
5030
5035
5036
5038
5039
5040
5041
5042
5047
5048
5049
5050
5051
5052
5053
5057
5058
5059
5060
5062
5063
5064
5068
5072
5074
5075
5079
5080
5081
5082
5084
5086
5090
5092
5095
5097
5131
5135
5136
5140
5141
5142
5146
5147
5148
5151
5152
5158
5159
5161
5162
5163
5164
5169
5170
5171
5172
5173
5174
5175
5179
5180
5181
5182
5184
5185
5186
5190
5191
5192
5193
5195
5196
5197
5202
5204
5205
5206
5207
5208
5209
5240
5241
5242
5246
5247
5248
5249
5250
5251
5252
5253
5257
5258
5261
5262
5263
5264
5268
5269
5271
5272
5274
5275
5279
5281
5283
5285
5286
5291
5292
5293
5294
5295
5297
5302
5303
5304
5305
5307
5313
5314
5315
5317
5318
5319
5350
5351
5352
5353
5357
5358
5362
5363
5364
5369
5370
5371
5372
5373
5374
5379
5380
5381
5382
5383
5384
5386
5390
5392
5393
5394
5395
5397
5702
5704
5705
5707
5708
5709
5713
5714
5715
5717
5718
5719
5720
5724
5726
5729
5730
5731
5735
5736
5738
5740
5741
5742
5747
5748
5749
5750
5751
5752
5753
5757
5758
5759
5790
5791
5794
5795
5796
5797
5802
5803
5805
5806
5807
5808
5813
5814
5815
5816
5817
5824
5825
5826
5828
5829
5831
5835
5837
5838
5839
5841
5842
5848
5850
5852
5853
5857
5858
5859
5862
5863
5864
5868
5869
5903
5904
5905
5906
5907
5908
5909
5913
5914
5916
5917
5918
5919
5920
5925
5926
5927
5928
5929
5930
5931
5935
5936
5937
5942
5946
5947
5948
5950
5951
5952
5953
5957
5959
5960
5961
5962
5963
5964
5969
5970
5971
5972
5973
5974
5975
5979
6020
6024
6025
6027
6028
6029
6030
6031
6035
6036
6038
6040
6041
6042
6049
6050
6051
6052
6053
6057
6058
6059
6060
6061
6062
6063
6064
6068
6069
6071
6072
6074
6075
6079
6080
6082
6083
6085
6091
6092
6093
6095
6096
6097
6130
6131
6135
6136
6137
6138
6139
6140
6141
6142
6146
6147
6148
6151
6152
6153
6157
6158
6159
6160
6161
6163
6168
6172
6173
6174
6175
6179
6180
6182
6183
6184
6186
6190
6191
6193
6194
6196
6202
6203
6206
6207
6209
6240
6242
6246
6247
6248
6249
6250
6251
6252
6253
6258
6261
6263
6264
6269
6271
6273
6274
6275
6279
6280
6281
6282
6283
6284
6285
6286
6290
6292
6293
6294
6295
6296
6297
6302
6303
6304
6305
6306
6307
6308
6309
6314
6315
6316
6317
6319
6350
6351
6352
6353
6357
6358
6359
6360
6361
6362
6363
6364
6369
6370
6371
6372
6373
6374
6375
6380
6381
6382
6383
6384
6385
6386
6393
6394
6395
6396
6397
6403
6405
6406
6407
6408
6409
6413
6414
6415
6416
6417
6418
6419
6426
6427
6428
6429
6460
6461
6462
6463
6464
6468
6470
6471
6472
6473
6474
6479
6480
6481
6482
6483
6484
6485
6486
6491
6492
6493
6494
6496
6497
6802
6804
6805
6806
6807
6808
6809
6813
6814
6816
6817
6818
6819
6820
6824
6825
6826
6827
6828
6829
6831
6835
6836
6837
6838
6839
6840
6842
6846
6847
6848
6849
6850
6853
6857
6859
6862
6863
6864
6868
6869
6902
6903
6904
6906
6908
6909
6913
6914
6915
6916
6917
6918
6919
6920
6924
6925
6926
6927
6928
6929
6930
6931
6935
6938
6942
6946
6947
6948
6952
6958
6959
6960
6961
6962
6963
6964
6968
6969
6970
6973
6975
6979
7020
7024
7025
7026
7027
7029
7030
7035
7037
7038
7039
7040
7041
7042
7046
7047
7048
7049
7050
7052
7053
7057
7059
7060
7061
7062
7064
7068
7069
7071
7073
7074
7075
7079
7081
7082
7084
7086
7094
7095
7096
7097
7130
7131
7135
7136
7137
7138
7139
7140
7141
7142
7146
7147
7149
7150
7151
7153
7157
7158
7159
7160
7161
7162
7163
7164
7168
7169
7170
7171
7172
7173
7174
7175
7179
7180
7181
7182
7183
7184
7185
7186
7190
7192
7193
7194
7195
7196
7197
7204
7205
7206
7207
7208
7209
7240
7241
7242
7246
7247
7248
7250
7251
7252
7257
7258
7259
7260
7261
7262
7264
7268
7269
7270
7271
7272
7273
7274
7279
7280
7281
7282
7284
7285
7291
7292
7293
7295
7296
7297
7302
7306
7308
7309
7313
7314
7315
7316
7317
7318
7319
7350
7352
7353
7357
7358
7359
7361
7368
7369
7370
7371
7372
7373
7374
7375
7379
7380
7381
7382
7383
7384
7386
7390
7391
7395
7397
7402
7403
7404
7407
7408
7409
7413
7414
7416
7418
7419
7420
7424
7425
7426
7427
7428
7429
7460
7461
7462
7463
7464
7469
7470
7471
7472
7473
7474
7475
7479
7480
7481
7482
7483
7484
7485
7486
7490
7491
7492
7493
7494
7495
7496
7497
7504
7505
7506
7507
7508
7509
7513
7514
7515
7517
7518
7519
7520
7524
7526
7527
7528
7529
7530
7531
7535
7536
7537
7539
7570
7572
7573
7574
7575
7579
7580
7581
7582
7583
7584
7585
7586
7591
7592
7593
7594
7595
7596
7597
7902
7903
7904
7905
7907
7909
7913
7914
7915
7916
7918
7919
7920
7924
7926
7927
7928
7929
7930
7935
7936
7937
7938
7939
7940
7941
7942
7946
7948
7950
7951
7952
7953
7957
7958
7959
7960
7962
7963
7964
7968
7969
7970
7971
7972
7973
7974
7975
7979
8020
8024
8026
8027
8028
8029
8030
8031
8035
8036
8037
8038
8039
8040
8041
8046
8049
8050
8051
8052
8057
8058
8059
8061
8062
8064
8068
8069
8070
8071
8072
8074
8081
8082
8084
8085
8091
8093
8094
8095
8096
8130
8131
8135
8136
8137
8138
8139
8141
8142
8146
8147
8148
8149
8150
8151
8152
8153
8157
8158
8159
8160
8161
8163
8164
8168
8169
8170
8171
8173
8175
8179
8180
8181
8182
8183
8184
8186
8190
8191
8192
8193
8194
8195
8196
8197
8203
8204
8207
8208
8209
8240
8241
8242
8246
8247
8248
8249
8250
8253
8257
8258
8259
8260
8261
8262
8263
8269
8270
8271
8272
8273
8275
8279
8281
8282
8283
8284
8285
8286
8290
8291
8292
8293
8294
8295
8296
8297
8302
8303
8305
8307
8308
8313
8314
8315
8317
8318
8319
8350
8351
8352
8353
8357
8358
8359
8360
8361
8362
8363
8364
8369
8370
8371
8372
8373
8374
8375
8379
8380
8381
8382
8383
8384
8385
8386
8392
8394
8395
8396
8397
8402
8403
8404
8405
8406
8407
8408
8409
8413
8414
8415
8416
8417
8418
8419
8420
8424
8425
8426
8427
8428
8429
8460
8461
8462
8463
8464
8468
8469
8470
8471
8472
8473
8474
8479
8481
8482
8483
8484
8485
8486
8490
8491
8492
8493
8494
8495
8496
8497
8502
8503
8504
8505
8506
8507
8513
8514
8515
8517
8518
8519
8524
8525
8527
8528
8529
8530
8531
8535
8536
8537
8538
8539
8570
8571
8572
8573
8574
8575
8579
8580
8581
8582
8583
8584
8585
8586
8590
8591
8592
8593
8594
8596
8597
8602
8603
8604
8605
8606
8607
8608
8613
8614
8615
8616
8617
8618
8620
8624
8626
8627
8628
8630
8635
8636
8638
8639
8640
8641
8642
8647
8649
8680
8681
8682
8683
8684
8685
8686
8690
8691
8692
8693
8694
8695
8696
8697
9020
9024
9025
9026
9028
9029
9030
9031
9035
9037
9038
9039
9040
9041
9042
9046
9047
9048
9049
9050
9051
9052
9053
9057
9059
9060
9061
9062
9063
9064
9068
9069
9070
9071
9073
9074
9075
9079
9080
9081
9082
9085
9090
9091
9092
9093
9095
9096
9130
9131
9135
9136
9137
9140
9141
9147
9148
9149
9152
9153
9157
9159
9160
9161
9162
9163
9164
9169
9170
9171
9173
9174
9175
9179
9180
9181
9182
9183
9184
9186
9190
9191
9192
9193
9194
9196
9197
9202
9203
9204
9205
9206
9208
9209
9240
9241
9242
9246
9247
9248
9249
9250
9253
9257
9258
9260
9262
9263
9264
9268
9269
9270
9271
9272
9273
9274
9275
9279
9280
9281
9282
9283
9284
9285
9286
9290
9291
9292
9293
9294
9295
9296
9297
9302
9303
9305
9306
9307
9308
9309
9313
9316
9317
9318
9319
9350
9351
9352
9353
9357
9359
9360
9361
9363
9368
9370
9371
9372
9373
9374
9375
9379
9381
9382
9383
9384
9385
9386
9390
9391
9393
9394
9395
9396
9397
9402
9403
9405
9406
9407
9408
9413
9415
9417
9418
9419
9424
9425
9426
9428
9429
9460
9463
9464
9469
9470
9471
9472
9473
9474
9475
9479
9480
9481
9482
9485
9486
9490
9491
9494
9496
9502
9503
9504
9505
9506
9508
9509
9513
9515
9516
9517
9519
9520
9524
9525
9526
9529
9530
9531
9535
9537
9538
9570
9571
9572
9573
9574
9575
9580
9581
9582
9583
9584
9585
9586
9590
9591
9593
9595
9596
9597
9602
9603
9607
9608
9609
9614
9615
9616
9618
9620
9624
9625
9627
9628
9629
9631
9635
9636
9638
9639
9641
9642
9646
9647
9648
9680
9682
9683
9684
9685
9686
9690
9691
9692
9694
9695
9696
9704
9705
9707
9708
9709
9713
9714
9715
9716
9717
9718
9719
9726
9727
9728
9729
9730
9735
9738
9739
9740
9741
9742
9747
9749
9750
9751
9752
9758
9759
9790
9791
9792
9794
9795
9796
